     1.35377     0.890683    -0.329764     -1.57707     0.238317      2.49566      1.05554 -0.000168042 -0.000104763  -0.00116924  -0.00264158 -0.000114793 -0.000260108  -0.00106585     0.337367     0.613424     0.140099     -3.11016     0.142823    -0.200906  0.000584837  -0.00127906  -0.00080915    -0.002819   0.00022683 -0.000452081    -0.358663     -43.1632     -5.65116      15.7519     0.611799      1.54652   -0.0279971   5.3256e-16     -43.2649     -5.83591        15.88      0.56891      1.70258   -0.0011024
     1.35377     0.890686    -0.329766     -1.57707     0.238316      2.49566      1.05554  -0.00176719  0.000752311 -1.51311e-05 -3.48169e-05 -0.000412174  7.86143e-05 -0.000769664     0.337371      0.61342     0.140096     -3.11017     0.142832    -0.200906   0.00106099 -0.000745756  -0.00050926 -0.000986042 -0.000101251 -0.000709903    -0.311056     -43.2108     -5.67496      15.7519     0.623701      1.54011     -0.04173  3.31506e-15     -43.2649     -5.83595        15.88     0.568911      1.70258    -0.001102
     1.35376     0.890685    -0.329769     -1.57707     0.238317      2.49566      1.05554  -0.00452254  0.000574073  0.000354518  0.000645993   7.3202e-05  0.000103375  0.000215136     0.337378     0.613418     0.140099     -3.11016     0.142855    -0.200912   0.00259928  -0.00131014 -0.000177169  0.000211802  0.000114122  -0.00439433     -0.23171      -43.187     -5.67496      15.7281     0.611799      1.54011   -0.0737735 -6.45317e-16     -43.2649       -5.836        15.88     0.568915      1.70258  -0.00110241
     1.35377     0.890683     -0.32977     -1.57707     0.238317      2.49566      1.05554  0.000210453  -0.00017596 -0.000334699 -0.000384233  3.00941e-05  8.26127e-05    0.0009584     0.337374     0.613421       0.1401     -3.11016      0.14284    -0.200914  4.14031e-05 -0.000106515  2.71742e-05 -1.76964e-05 -0.000154209  -0.00106122    -0.334859     -43.1632     -5.65116      15.7519     0.611799      1.54011   -0.0801822  9.38485e-16     -43.2649     -5.83603        15.88     0.568916      1.70258  -0.00110236
     1.35377     0.890679     -0.32977     -1.57707     0.238322      2.49566      1.05554    0.0004372 -0.000514342 -0.000866341  0.000107804 -0.000205781  0.000210387  -0.00108036     0.337373     0.613421     0.140102     -3.11016     0.142839    -0.200908  0.000228977  8.95956e-05  0.000540797  0.000392597  -0.00105332   0.00116331    -0.358663     -43.1116     -5.65116      15.7519     0.611799      1.54011   -0.0215884 -7.11237e-17     -43.2648     -5.83602        15.88     0.568913      1.70258  -0.00110249
     1.35377     0.890679    -0.329767     -1.57707     0.238319      2.49566      1.05554  0.000841137 -0.000612328 -0.000136784  -8.7652e-05  0.000310603 -7.72542e-05 -0.000520782     0.337368     0.613425     0.140102     -3.11016     0.142821    -0.200909 -0.000424411  0.000326966  0.000390696  0.000505275  -7.1393e-06   0.00101217    -0.434042     -43.1116     -5.70273      15.7281     0.599897      1.54652   -0.0481387  8.88178e-16     -43.2649     -5.83594      15.8801     0.568913      1.70259  -0.00110264
     1.35377     0.890678     -0.32976     -1.57707     0.238317      2.49566      1.05554 -0.000886762 -0.000854097    0.0013429 -0.000561557 -0.000187897 -0.000340837  0.000600568     0.337364     0.613426     0.140102     -3.11016     0.142818    -0.200902 -0.000180889 -3.74097e-05  0.000114839  0.000281275   0.00117073 -0.000673263    -0.434042     -43.0878     -5.80192      15.7519     0.618208      1.54652   -0.0737735  1.73646e-15     -43.2649      -5.8358      15.8801     0.568907      1.70259  -0.00110276
     1.35378     0.890678    -0.329761     -1.57707     0.238317      2.49566      1.05554  0.000348172 -0.000956523  -0.00057707 -0.000343916  0.000106951 -3.64787e-05 -0.000631265      0.33736     0.613429     0.140102     -3.11016     0.142803    -0.200904  0.000114877  3.14428e-05  0.000592979  0.000470824 -0.000440559  0.000441913    -0.537191     -43.0878     -5.77811      15.7519     0.611799      1.54011     -0.04173 -1.27329e-15     -43.2649     -5.83583      15.8801     0.568909      1.70259  -0.00110276
     1.35379     0.890679    -0.329755     -1.57707     0.238318      2.49566      1.05554  0.000470911 -0.000601495 -0.000106883 -0.000445773 -2.99055e-05  7.74689e-05  0.000686724     0.337352     0.613433       0.1401     -3.11016     0.142794    -0.200895 -0.000225551  9.51945e-05  0.000253422  0.000315894 -7.98038e-05 -0.000359752    -0.612569     -43.1116     -5.82572      15.7519     0.611799      1.53462   -0.0737735  1.26635e-15     -43.2649     -5.83572      15.8801     0.568903      1.70258  -0.00110278
     1.35379     0.890679    -0.329755     -1.57707     0.238317      2.49566      1.05554  0.000316205 -5.45522e-05   0.00251705  -0.00067999  8.78572e-05  -9.6883e-05  0.000488229     0.337352     0.613433       0.1401     -3.11016     0.142788    -0.200895  -0.00156958  0.000483092 -0.000625013 -0.000100685   0.00228062   0.00116948    -0.612569     -43.1116     -5.82572      15.7519     0.611799      1.54011   -0.0673648 -3.85109e-16     -43.2649     -5.83572      15.8801     0.568903      1.70258  -0.00110275
     1.35379     0.890681    -0.329753     -1.57707     0.238317      2.49566      1.05554 -0.000664583  -0.00014108   0.00119477  0.000112849 -0.000247715  0.000248598  0.000489331     0.337353     0.613432     0.140099     -3.11016     0.142793    -0.200894 -0.000205735  0.000156659 -2.05573e-05  0.000593208  0.000571556 -0.000162584    -0.560995     -43.1394     -5.85349      15.7281     0.618208      1.54011   -0.0609561  1.42421e-15      -43.265     -5.83569      15.8801     0.568902      1.70258  -0.00110273
     1.35378     0.890681    -0.329757     -1.57707     0.238321      2.49566      1.05554  -7.9508e-05  0.000461634  2.00749e-05  -4.3956e-05  0.000183752  0.000239634   -0.0005774     0.337357     0.613431       0.1401     -3.11015     0.142797    -0.200896  2.93569e-05 -0.000104325 -0.000307117 -0.000284061  7.94578e-05  0.000381946    -0.513387     -43.1394     -5.80192      15.7043     0.611799      1.54011     -0.04173  3.72966e-16      -43.265     -5.83576      15.8801     0.568904      1.70259  -0.00110284
     1.35378     0.890678    -0.329762     -1.57707     0.238318      2.49566      1.05554 -0.000126312   -0.0011215 -0.000381821  -0.00123618  -3.9544e-05  0.000122455  0.000859893     0.337363     0.613427     0.140101     -3.11016     0.142817    -0.200902  0.000271519 -0.000351139  0.000339902  0.000136849 -0.000110174  -0.00148907    -0.434042     -43.0878     -5.72654      15.7797     0.611799      1.54011   -0.0801822  2.00708e-15     -43.2649     -5.83585      15.8801     0.568908      1.70258  -0.00110263
     1.35377     0.890683    -0.329764     -1.57707     0.238317      2.49566      1.05554 -0.000481476  8.46077e-05  -0.00035204 -0.000949971  -0.00015975 -0.000148968  0.000423213     0.337369     0.613422     0.140098     -3.11016     0.142832    -0.200905  0.000423804 -0.000612724 -0.000389043  -0.00111508    0.0001442    -0.001258    -0.358663     -43.1632     -5.70273      15.7797     0.618208      1.54011   -0.0673648  8.62158e-16     -43.2649      -5.8359        15.88      0.56891      1.70258   -0.0011023
     1.35377     0.890685    -0.329769     -1.57707     0.238318      2.49566      1.05554 -0.000711095 -0.000243006  -0.00024292  0.000610249  0.000128327  0.000814966  -0.00087572     0.337373     0.613421     0.140099     -3.11016      0.14283    -0.200913  0.000646574  3.23026e-05  0.000518057   0.00134151 -0.000896725   0.00014242    -0.311056      -43.187     -5.67496      15.7281     0.611799      1.52821   -0.0344058 -1.09981e-15     -43.2649       -5.836        15.88     0.568915      1.70258  -0.00110242
     1.35377     0.890686    -0.329765     -1.57707     0.238322      2.49566      1.05554  0.000215751  0.000990257   0.00109668  0.000805277  0.000192809 -0.000210692  0.000991544     0.337371     0.613422     0.140098     -3.11016     0.142838    -0.200904 -0.000726461  0.000420266 -0.000538511 -3.26992e-05  0.000955294 -3.80027e-05    -0.334859     -43.2108     -5.72654      15.7043     0.611799      1.54652   -0.0801822  1.06859e-15     -43.2649     -5.83595        15.88     0.568909      1.70258  -0.00110245
     1.35376     0.890681    -0.329767     -1.57707     0.238317      2.49566      1.05554  -0.00103815  -0.00107407  0.000492095  0.000921164 -0.000190616  0.000411136 -0.000523962     0.337374     0.613422     0.140102     -3.11016     0.142832    -0.200913  0.000484677  0.000334314   0.00104599   0.00212475 -0.000568149  0.000203705    -0.283285     -43.1394     -5.70273      15.7043     0.618208      1.52821     -0.04173  1.18655e-15     -43.2649     -5.83595      15.8801     0.568915      1.70259  -0.00110271
     1.35377     0.890683    -0.329765     -1.57707     0.238317      2.49566      1.05554 -0.000592402  -0.00013628  0.000345116  0.000766226 -0.000321161 -0.000129448 -0.000589369      0.33737     0.613424       0.1401     -3.11016     0.142827    -0.200909   0.00021566  0.000171037  0.000325758  0.000541084 -0.000173791  0.000626808    -0.358663     -43.1632     -5.72654      15.7043     0.618208      1.54652     -0.04173  1.99667e-15     -43.2649     -5.83592        15.88     0.568913      1.70258  -0.00110254
     1.35378     0.890679    -0.329766     -1.57707     0.238317      2.49566      1.05554  0.000988043 -0.000886465  -0.00107446 -0.000112796   5.6702e-05 -0.000229429 -3.55774e-05     0.337365     0.613427     0.140102     -3.11016     0.142816    -0.200909 -1.40122e-05  0.000177752  0.000694044  0.000420069 -0.000802043  0.000254957    -0.485616     -43.1116     -5.70273      15.7281     0.611799      1.54652   -0.0609561   5.9848e-16     -43.2649     -5.83592      15.8801     0.568913      1.70259  -0.00110268
     1.35378     0.890678    -0.329759     -1.57706     0.238317      2.49566      1.05554  -0.00116061 -0.000213188 -9.62011e-05     0.001506  9.57315e-05 -7.49067e-05  0.000262345     0.337363      0.61343     0.140104     -3.11015     0.142813    -0.200904  0.000843813  0.000150881  0.000740154   0.00153281 -0.000629832  -0.00118014    -0.461813     -43.0878     -5.77811      15.6527     0.611799      1.54652   -0.0609561  5.22152e-16      -43.265     -5.83578      15.8802     0.568909      1.70259  -0.00110316
     1.35378     0.890679    -0.329758     -1.57707     0.238316      2.49566      1.05554  0.000469678  0.000772609 -0.000515321 -0.000711957 -0.000392136  9.32821e-05  0.000371468     0.337358     0.613431     0.140102     -3.11015     0.142802    -0.200902 -7.86947e-05 -0.000355462 -0.000709712  -0.00151708 -0.000184371 -0.000102872    -0.560995     -43.1116     -5.77811      15.7043     0.623701      1.54011   -0.0609561  -4.3715e-16     -43.2649     -5.83578      15.8801     0.568908      1.70259   -0.0011029
     1.35379     0.890678     -0.32976     -1.57707     0.238317      2.49566      1.05554  0.000689485  0.000274109 -0.000374119 -0.000579116 -0.000134935  2.36134e-05 -0.000930702     0.337358     0.613432     0.140103     -3.11015     0.142796    -0.200905  -0.00026355 -0.000112791 -0.000351138  -0.00100095  -8.8372e-05   0.00133326    -0.560995     -43.0878     -5.77811      15.7043     0.618208      1.54011   -0.0279971  5.41234e-16     -43.2649     -5.83581      15.8801      0.56891      1.70259  -0.00110294
     1.35379     0.890681    -0.329753     -1.57707     0.238317      2.49566      1.05554  0.000868005  0.000579854  0.000742703 -0.000312551  0.000266379 -0.000186188  0.000612586     0.337352     0.613434       0.1401     -3.11015     0.142788    -0.200894 -0.000975271  0.000237629  -0.00064358 -0.000671427    0.0010655  0.000433917    -0.588766     -43.1394     -5.85349      15.7043     0.611799      1.54652   -0.0737735   2.2031e-16      -43.265     -5.83569      15.8801     0.568902      1.70259  -0.00110283
     1.35379     0.890681    -0.329757     -1.57707     0.238319      2.49566      1.05554  0.000132725  0.000344889  9.79351e-05  -6.3884e-05  0.000234502 -0.000315144  0.000634793     0.337356     0.613431       0.1401     -3.11016     0.142798    -0.200897 -0.000165386 -4.68674e-05  -0.00030197 -0.000447417   0.00048311 -0.000655229    -0.537191     -43.1394     -5.80192      15.7043     0.611799      1.55293   -0.0737735 -1.15706e-15      -43.265     -5.83576      15.8801     0.568905      1.70258  -0.00110275
     1.35378     0.890683    -0.329757     -1.57707     0.238317      2.49566      1.05554  0.000370912  0.000569667  0.000546968 -0.000157975  1.66563e-05  0.000128005 -0.000567473     0.337357     0.613431     0.140099     -3.11016     0.142798    -0.200899 -0.000543818  0.000106665 -0.000516025 -0.000565468  0.000527948   0.00123789    -0.513387     -43.1632     -5.80192      15.7043     0.611799      1.53462     -0.04173  -1.2438e-15      -43.265     -5.83577      15.8801     0.568905      1.70258  -0.00110273
     1.35378     0.890683    -0.329758     -1.57707     0.238318      2.49566      1.05554  -0.00117378  0.000531796  0.000436606  0.000437182  0.000260982  0.000154299  0.000527514     0.337362     0.613428     0.140099     -3.11016     0.142819      -0.2009   0.00049616  -0.00022237 -0.000238062  0.000248211  0.000322361  -0.00149015    -0.434042     -43.1632     -5.77811      15.7043     0.606306      1.53462   -0.0673648 -1.06339e-15      -43.265      -5.8358      15.8801     0.568906      1.70258  -0.00110275
     1.35377     0.890683    -0.329764     -1.57707     0.238318      2.49566      1.05554 -0.000761498  0.000990581  -0.00063638 -0.000266199  0.000222969 -0.000205783  0.000511855     0.337368     0.613424     0.140099     -3.11016     0.142828    -0.200904  0.000742389 -0.000711747 -0.000691608  -0.00131082  7.58161e-05  -0.00192113    -0.386434     -43.1632     -5.70273      15.7519     0.606306      1.54652   -0.0737735   7.8236e-16     -43.2649      -5.8359        15.88      0.56891      1.70258  -0.00110243
     1.35377     0.890679    -0.329764     -1.57706     0.238317      2.49566      1.05554   0.00016957 -0.000719773 -0.000276452  0.000502011 -0.000139588 -9.70713e-05 -0.000429785     0.337367     0.613427     0.140103     -3.11015     0.142823    -0.200908  9.25946e-05   0.00029482  0.000712892  0.000901823 -0.000589006   0.00064201    -0.410238     -43.1116     -5.70273      15.6765     0.611799      1.54652     -0.04173  8.89913e-16     -43.2649     -5.83588      15.8801     0.568912      1.70259   -0.0011029
     1.35377     0.890678    -0.329765     -1.57707     0.238317      2.49566      1.05554  -0.00041476 -0.000534065  0.000242819  0.000431418 -0.000294344  6.25295e-05 -0.000436252      0.33737     0.613425     0.140104     -3.11015     0.142829     -0.20091  0.000170524  0.000178991  0.000496162  0.000805917 -0.000295996  0.000502855    -0.358663     -43.0878     -5.72654      15.7043     0.618208      1.54011     -0.04173  1.11022e-15     -43.2649     -5.83589      15.8801     0.568913      1.70259  -0.00110286
     1.35377     0.890678     -0.32977     -1.57707     0.238317      2.49566      1.05554  -0.00048505  0.000262115 -0.000863964 -1.56569e-07 -0.000429796  0.000287258  0.000672955     0.337374     0.613423     0.140105     -3.11015     0.142837    -0.200917   0.00075851 -0.000398015 -1.60543e-05 -0.000270089 -0.000970684  -0.00134984    -0.334859     -43.0878     -5.65116      15.7043     0.618208      1.54011   -0.0737735 -2.70617e-16     -43.2649     -5.83599      15.8801     0.568918      1.70259  -0.00110287
     1.35377     0.890679    -0.329767     -1.57707      0.23832      2.49566      1.05554  0.000286501  0.000139314 -0.000125932  0.000197822 -0.000359077  0.000245478 -3.69642e-05      0.33737     0.613424     0.140102     -3.11015     0.142833    -0.200909 -9.43285e-05  0.000132005   2.6658e-05  5.30826e-05 -0.000467946  0.000583192    -0.386434     -43.1116     -5.70273      15.7043     0.618208      1.53462   -0.0545474  1.38257e-15     -43.2649     -5.83594      15.8801     0.568912      1.70259  -0.00110282
     1.35378     0.890677    -0.329763     -1.57706     0.238316      2.49566      1.05554  0.000801096  0.000172433  0.000252294  0.000971409  -0.00049074 -0.000165456 -0.000951355     0.337366     0.613428     0.140104     -3.11015      0.14281    -0.200909 -0.000594925  0.000630328  0.000209374  0.000253303 -0.000331428   0.00249439    -0.434042     -43.0878     -5.72654      15.6765     0.623701      1.54011   -0.0344058  8.93383e-16     -43.2649     -5.83586      15.8801     0.568913      1.70259  -0.00110301
     1.35378     0.890678    -0.329761     -1.57707     0.238317      2.49566      1.05554 -0.000491476  0.000154591  0.000544525 -0.000513412 -0.000169185  0.000125884 -4.28247e-05     0.337365     0.613428     0.140103     -3.11015     0.142819    -0.200906 -1.49609e-05 -0.000231931 -0.000376263 -0.000489585  0.000495138 -9.84685e-05    -0.434042     -43.0878     -5.77811      15.7043     0.618208      1.54011   -0.0609561 -1.56299e-15     -43.2649     -5.83583      15.8801      0.56891      1.70259  -0.00110296
     1.35378     0.890681    -0.329759     -1.57707     0.238317      2.49566      1.05554  0.000324561  0.000529365  0.000655059  0.000347142   0.00014762 -0.000215532  0.000840876     0.337361     0.613429       0.1401     -3.11016     0.142809    -0.200902 -0.000562301  0.000273548 -0.000340952 -0.000103223  0.000682698  -0.00013993    -0.485616     -43.1394     -5.77811      15.7043     0.611799      1.54652   -0.0737735  1.12237e-15     -43.2649     -5.83581      15.8801     0.568908      1.70258  -0.00110273
     1.35378     0.890681    -0.329755     -1.57707     0.238317      2.49566      1.05554  0.000324983 -0.000334484   0.00120426 -0.000996301 -4.27753e-05 -0.000437453  -0.00125021     0.337356     0.613431     0.140099     -3.11016      0.14279    -0.200896 -0.000897708  7.70269e-05 -0.000392277 -0.000885815   0.00145197   0.00206012    -0.537191     -43.1394     -5.82572      15.7281     0.618208      1.54652   -0.0279971 -4.94396e-16     -43.2649     -5.83573      15.8801     0.568904      1.70258  -0.00110263
     1.35379     0.890683    -0.329751     -1.57707     0.238317      2.49566      1.05554  0.000166289  0.000480742   0.00071518  0.000443899  0.000158304  5.05163e-05 -0.000512878     0.337352     0.613433     0.140098     -3.11016     0.142783    -0.200892 -0.000477275  0.000301178 -0.000253964  8.59271e-05  0.000511091   0.00112416    -0.560995     -43.1632      -5.8773      15.7043     0.611799      1.54011     -0.04173  1.47105e-15      -43.265     -5.83567      15.8801     0.568901      1.70258  -0.00110269
     1.35379     0.890683    -0.329751     -1.57706     0.238317      2.49566      1.05555  0.000314911 -0.000237381   0.00049977   0.00117045    2.902e-06 -0.000264505  0.000516121     0.337349     0.613435     0.140099     -3.11016     0.142789    -0.200891 -0.000403975  0.000664166  0.000515276   0.00119804  1.78318e-05  0.000384282    -0.612569     -43.1632      -5.8773      15.6765     0.611799      1.54652   -0.0801822  2.02095e-15      -43.265     -5.83565      15.8801       0.5689      1.70258  -0.00110283
     1.35379     0.890681    -0.329748     -1.57706     0.238317      2.49566      1.05554  0.000343175   4.6549e-05   0.00160721  0.000964814 -7.35428e-05  0.000314641  0.000480324     0.337348     0.613436     0.140099     -3.11015     0.142782     -0.20089  -0.00100473   0.00086851  0.000130021   0.00135869  0.000632502   0.00120558    -0.612569     -43.1394     -5.92887      15.6765     0.618208      1.53462   -0.0673648  7.87564e-16      -43.265     -5.83559      15.8801     0.568899      1.70259  -0.00110302
     1.35379     0.890681    -0.329755     -1.57707     0.238317      2.49566      1.05554   4.5386e-05  0.000213908  0.000132211  -0.00105957  0.000209121  0.000465533  0.000148327     0.337353     0.613433     0.140099     -3.11016     0.142788    -0.200897  -0.00013604 -0.000327841 -0.000533571 -0.000627966  0.000415351 -0.000394659    -0.588766     -43.1394     -5.82572      15.7281     0.611799      1.52821   -0.0545474  6.48787e-16     -43.2649     -5.83573      15.8801     0.568904      1.70259  -0.00110277
     1.35378     0.890681    -0.329755     -1.57707     0.238319      2.49566      1.05554  -0.00108493  6.22677e-05   0.00058547 -0.000175793  0.000522641  0.000117561  4.17436e-05     0.337357     0.613431       0.1401     -3.11015     0.142804    -0.200896   0.00035084 -0.000288377 -0.000188815  0.000215379  0.000726955  -0.00117746    -0.485616     -43.1394     -5.82572      15.7043     0.599897      1.54011   -0.0545474 -2.15106e-16      -43.265     -5.83573      15.8801     0.568903      1.70259  -0.00110285
     1.35378     0.890686    -0.329758     -1.57707     0.238317      2.49566      1.05554 -3.17293e-05  0.000279209  6.92579e-05  -0.00154847  0.000145099  0.000506472  0.000391581     0.337362     0.613424     0.140094     -3.11017     0.142815    -0.200895 -8.06022e-05 -0.000550692 -0.000755176  -0.00109608  0.000526444 -0.000824304    -0.434042     -43.2108     -5.77811      15.8035     0.611799      1.52821   -0.0673648  2.24473e-15     -43.2649     -5.83582      15.8799     0.568904      1.70258  -0.00110196
     1.35378     0.890688    -0.329757     -1.57708     0.238318      2.49566      1.05554 -0.000252039  6.31738e-05  0.000975233 -0.000210356  0.000136384 -0.000246658   0.00107212     0.337361     0.613423     0.140091     -3.11017     0.142817    -0.200891 -0.000388999  4.53037e-05 -0.000298135 -8.54506e-05   0.00106556 -0.000879532    -0.410238     -43.2346     -5.80192      15.8273     0.611799      1.54652   -0.0737735  3.00107e-16     -43.2649     -5.83581      15.8799     0.568901      1.70258  -0.00110174
     1.35378      0.89069    -0.329758     -1.57708     0.238317      2.49566      1.05554   0.00101767 -0.000691546 -0.000286289  -0.00055005  1.55078e-05  0.000120312 -0.000801538     0.337359     0.613424      0.14009     -3.11018     0.142802    -0.200894  -0.00046459  0.000219434  0.000304791  0.000144557 -0.000218286   0.00149408    -0.513387     -43.2584     -5.77811      15.8273     0.618208      1.54011   -0.0344058  1.60982e-15     -43.2649     -5.83585      15.8799     0.568903      1.70257  -0.00110159
     1.35379     0.890688    -0.329755     -1.57707     0.238319      2.49566      1.05554  0.000323282    0.0005124 -0.000535444  0.000561606  0.000582785 -0.000113634 -0.000684301     0.337354     0.613428     0.140093     -3.11017     0.142801    -0.200891  9.05796e-05  6.84814e-05 -5.28589e-05 -1.85616e-05 -0.000172947  0.000364361    -0.537191     -43.2346     -5.82572      15.7519     0.599897      1.54011   -0.0481387  5.46438e-16     -43.2649     -5.83577      15.8799       0.5689      1.70258  -0.00110211
      1.3538     0.890679    -0.329751     -1.57707     0.238317      2.49566      1.05554   0.00202589 -0.000443681   0.00030029  0.000172157  1.12106e-05  2.86319e-05 -0.000159255     0.337345     0.613435     0.140098     -3.11016     0.142772    -0.200889  -0.00137412  0.000903727  0.000322076  0.000642763   4.9993e-05   0.00241047    -0.715719     -43.1116      -5.8773      15.7519     0.618208      1.54011   -0.0545474  1.24033e-15     -43.2649     -5.83565        15.88     0.568899      1.70258   -0.0011026
      1.3538     0.890664    -0.329753     -1.57706     0.238317      2.49566      1.05554  0.000124223  -0.00152741 -0.000123111    0.0016102  5.79781e-05  0.000305183  0.000372303     0.337347     0.613444     0.140115     -3.11013     0.142768    -0.200903  0.000148192  0.000895116   0.00170448    0.0032107  -0.00120961  6.98601e-05    -0.687948     -42.8934     -5.85349      15.5774     0.618208      1.52821   -0.0673648 -3.33067e-16      -43.265     -5.83559      15.8804     0.568907       1.7026  -0.00110434
      1.3538     0.890644    -0.329754     -1.57705     0.238316      2.49566      1.05554  0.000502553  -0.00184097  0.000150428 -0.000218497   -0.0002871 -0.000206489 -0.000566615     0.337347     0.613449      0.14013     -3.11011     0.142767    -0.200911 -0.000334291  0.000458897   0.00110788   0.00126182 -0.000230623   0.00129616    -0.715719     -42.6474     -5.82572      15.5536     0.623701      1.54011     -0.04173  1.10328e-15      -43.265     -5.83551      15.8806     0.568913      1.70261  -0.00110577
      1.3538     0.890622     -0.32976     -1.57704     0.238319      2.49566      1.05554 -0.000580978  -0.00325171  -0.00069603  0.000730763  0.000379865    0.0006473  0.000338516     0.337354     0.613457     0.140153     -3.11006     0.142771    -0.200932  0.000931819  0.000559308    0.0026397   0.00444184  -0.00169465  -0.00138834    -0.664144     -42.4292     -5.75034      15.4028     0.599897      1.50257   -0.0609561   5.9848e-16      -43.265      -5.8355       15.881     0.568925      1.70264  -0.00110822
      1.3538     0.890607     -0.32977     -1.57701     0.238317      2.49566      1.05554 -0.000151331  -0.00104303 -0.000307775   0.00559918 -5.26261e-05   0.00014197 -0.000294707     0.337363     0.613465     0.140173     -3.11003     0.142775     -0.20096  0.000585435   0.00206241   0.00295299   0.00594901  -0.00282484   0.00140966    -0.636373     -42.3062     -5.65116      15.3036     0.611799      1.49617   -0.0545474  6.01949e-16     -43.2652     -5.83559      15.8814     0.568943      1.70266  -0.00111021
     1.35379     0.890592    -0.329779     -1.57699     0.238318      2.49566      1.05554 -0.000162825   -0.0018867 -0.000810055   0.00302459  9.35139e-06 -2.99649e-05  0.000721742     0.337374     0.613472     0.140195     -3.10999     0.142795    -0.200988  0.000758489   0.00116909   0.00257259   0.00444185  -0.00220563 -0.000636238    -0.537191     -42.1833     -5.52421      15.3274     0.606306      1.48976   -0.0673648  5.27356e-16     -43.2653     -5.83564      15.8818     0.568961      1.70268  -0.00111259
     1.35377     0.890591    -0.329787     -1.57693     0.238319      2.49566      1.05554  -0.00283256 -0.000619892 -0.000382035   0.00406811   0.00028667    0.0029281  0.000467745     0.337391     0.613485     0.140219     -3.10993     0.142803    -0.201025   0.00231424     0.000758   0.00235026    0.0066957  -0.00358128  -0.00243959    -0.358663     -42.2586      -5.5004      15.4028     0.599897      1.49617   -0.0737735  -5.3256e-16     -43.2659      -5.8357      15.8824     0.568986      1.70271  -0.00111562
     1.35376     0.890596    -0.329801     -1.57684     0.238318      2.49566      1.05554  -0.00127787 -0.000165947 -0.000350664     0.012967 -8.17611e-05  2.71442e-05  -0.00084172     0.337408      0.61351     0.140253     -3.10986     0.142799    -0.201088    0.0016236   0.00410121   0.00524381    0.0113918  -0.00559336   0.00266401     -0.23171       -42.33     -5.42502      15.3274     0.606306      1.50257     -0.04173  3.05311e-16     -43.2668     -5.83585      15.8832     0.569027      1.70275  -0.00112015
     1.35375     0.890599    -0.329821     -1.57675     0.238322      2.49566      1.05554 -0.000802908 -0.000359996  -0.00262016    0.0104782 -9.34493e-05 -8.28394e-05   0.00100949      0.33743     0.613533      0.14029     -3.10977     0.142811    -0.201155   0.00241858   0.00285347   0.00473791   0.00915594  -0.00626971 -0.000752307    -0.156332     -42.3816     -5.37345      15.3274     0.599897      1.49617   -0.0737735  9.21138e-16     -43.2678      -5.8361       15.884     0.569072       1.7028  -0.00112492
     1.35375     0.890592    -0.329844     -1.57664      0.23832      2.49567      1.05554 -0.000242303  -0.00186751  0.000822936   0.00807193  0.000492266 -0.000484156 -0.000230227      0.33745     0.613564     0.140339     -3.10967     0.142792    -0.201239   0.00016806   0.00328049   0.00424219   0.00885883  -0.00250538   0.00212517    -0.156332     -42.3062     -5.37345      15.3274     0.587996      1.50898   -0.0481387 -1.00614e-16     -43.2687     -5.83635      15.8851     0.569127      1.70286  -0.00113072
     1.35375     0.890579    -0.329881     -1.57653     0.238317      2.49567      1.05554  0.000106713   -0.0011963  -0.00284365   0.00920096 -0.000320525 -0.000119632 -0.000398788     0.337478     0.613597     0.140398     -3.10955     0.142793    -0.201347   0.00194707   0.00280833   0.00483119   0.00849768  -0.00622237   0.00125593    -0.156332     -42.1594     -5.32188       15.252     0.611799      1.49617     -0.04173 -1.97412e-15     -43.2697     -5.83682      15.8863       0.5692      1.70293  -0.00113733
     1.35376      0.89057     -0.32993     -1.57639     0.238317      2.49567      1.05554   0.00187055 -4.87887e-06  -0.00213918    0.0140088 -0.000294377 -4.74638e-05 -0.000478843     0.337504     0.613639     0.140466     -3.10942     0.142772    -0.201479  0.000682262   0.00505646   0.00581282    0.0117428  -0.00739666   0.00474111    -0.311056     -42.1356     -5.39725      15.2044     0.623701      1.48335   -0.0344058 -7.04298e-16      -43.271     -5.83748      15.8877     0.569288      1.70301  -0.00114503
     1.35376     0.890556     -0.32997     -1.57622     0.238318      2.49567      1.05554 -0.000163527  -0.00209809  -0.00150186    0.0160154    0.0004058 -3.58271e-05  1.82744e-05     0.337535     0.613692     0.140548     -3.10924     0.142758    -0.201615   0.00178081   0.00562596   0.00790991    0.0160437  -0.00781545   0.00260461    -0.311056     -42.1594     -5.42502      15.2282     0.606306      1.47145   -0.0545474  6.12357e-16     -43.2726     -5.83791      15.8894     0.569379      1.70311  -0.00115488
    1.35375    0.890537   -0.330003    -1.57602    0.238316     2.49568     1.05554  -0.0004961 -0.00230049 -0.00440633   0.0230532 -0.00033506 3.55115e-06 0.000711598    0.337564    0.613758    0.140645    -3.10904    0.142714   -0.201764  0.00388481  0.00733206   0.0112535   0.0217414  -0.0132856  0.00208222   -0.283285    -42.2348    -5.37345     15.2044    0.623701     1.46504  -0.0609561 1.97758e-16    -43.2745    -5.83813     15.8916    0.569476     1.70322 -0.00116671
     1.35375     0.890499    -0.330039     -1.57579      0.23832      2.49568      1.05554  0.000155265  -0.00610299  -0.00703788    0.0214047 -0.000216088 -0.000272655 -0.000596828     0.337597      0.61384     0.140768     -3.10878     0.142671    -0.201932   0.00494638   0.00701342    0.0135431    0.0232207   -0.0152427   0.00184564    -0.283285     -42.1118     -5.34965       15.252     0.618208      1.45863     -0.04173  5.58581e-16     -43.2767     -5.83829      15.8943     0.569587      1.70337  -0.00118163
     1.35375     0.890453    -0.330079     -1.57551     0.238316      2.49568      1.05555  0.000355579  -0.00739018  -0.00568177    0.0296752 -0.000189385  0.000263671   0.00105746     0.337634     0.613936     0.140913     -3.10847     0.142621    -0.202135   0.00458804    0.0106169    0.0174965     0.032646   -0.0180869   0.00337536    -0.283285     -42.1118     -5.32188       15.252     0.623701       1.4394   -0.0737735  1.12063e-15     -43.2793      -5.8384      15.8974     0.569718      1.70354  -0.00119924
     1.35376     0.890373    -0.330118     -1.57521     0.238315      2.49569      1.05554  0.000820842   -0.0101278  -0.00447948     0.030312 -0.000244581  0.000708886 -0.000120279      0.33767      0.61405     0.141091     -3.10811     0.142538    -0.202354    0.0038257    0.0118393      0.01945    0.0362654   -0.0183238   0.00600893    -0.358663     -42.1594     -5.39725      15.2798      0.63011      1.43299   -0.0545474  1.05992e-15      -43.282     -5.83831      15.9012      0.56986      1.70374  -0.00122021
     1.35376     0.890268    -0.330148     -1.57488     0.238316      2.49569      1.05554 -0.000539862  -0.00697115  -0.00506662    0.0336184 -5.31186e-05 -0.000107977   0.00120637     0.337706     0.614182     0.141299     -3.10769     0.142454    -0.202582   0.00496351    0.0117338     0.018641    0.0355857   -0.0188351   0.00357585    -0.334859     -42.0365     -5.39725      15.2798     0.623701      1.43299   -0.0737735  2.04003e-15     -43.2851     -5.83788      15.9056     0.570007      1.70398  -0.00124482
     1.35376     0.890133    -0.330175     -1.57452     0.238317       2.4957      1.05554 -2.41289e-05   -0.0133794  -0.00477972    0.0343936  7.57057e-05  0.000358482  0.000169268     0.337744     0.614327     0.141535     -3.10722     0.142358    -0.202825   0.00481585     0.013482    0.0232634    0.0428751   -0.0205303   0.00544493    -0.334859     -42.0365     -5.32188       15.379     0.618208      1.42659   -0.0545474 -6.73073e-16     -43.2883     -5.83722      15.9105     0.570163      1.70424  -0.00127239
     1.35376     0.889962    -0.330195     -1.57412     0.238316       2.4957      1.05554  0.000289544   -0.0180176  -0.00201367    0.0384245 -0.000202634 -0.000396716  4.55522e-05     0.337782     0.614493     0.141809     -3.10668     0.142255    -0.203083   0.00349733    0.0164765    0.0274774     0.050658   -0.0207686   0.00876855    -0.334859     -42.1356     -5.39725      15.3274     0.623701       1.4394   -0.0545474  3.08781e-16     -43.2917     -5.83619      15.9162     0.570328      1.70453  -0.00130412
     1.35376      0.88976    -0.330219     -1.57372     0.238317       2.4957      1.05554  0.000379539   -0.0200137  -0.00674138    0.0372938 -6.44951e-06   0.00013536  0.000387389     0.337823     0.614667     0.142107      -3.1061     0.142147    -0.203356   0.00600415     0.015356    0.0291648    0.0513865    -0.024529     0.005164    -0.358663     -42.1833     -5.42502      15.4028     0.618208      1.42659   -0.0609561  1.29844e-15     -43.2951     -5.83509      15.9223     0.570502      1.70485  -0.00133807
     1.35376     0.889504    -0.330238      -1.5733     0.238318       2.4957      1.05554   0.00159811   -0.0283345 -0.000252786    0.0422306  0.000486605   0.00102167   0.00143557     0.337861     0.614859     0.142446     -3.10545      0.14203    -0.203639    0.0024255       0.0207    0.0358093    0.0660198   -0.0236238    0.0103933    -0.410238     -42.2348     -5.39725       15.379     0.606306       1.4394   -0.0801822  6.07153e-17     -43.2984      -5.8336      15.9291     0.570681       1.7052  -0.00137619
     1.35376     0.889174    -0.330248      -1.5729     0.238317      2.49571      1.05554 -0.000442232   -0.0334481  0.000153187    0.0395864  0.000220687  6.13943e-05  -0.00108018     0.337902      0.61506     0.142829     -3.10474     0.141913    -0.203925    0.0034892    0.0200263    0.0380737    0.0675219   -0.0229933    0.0105369    -0.334859     -42.1833     -5.39725      15.3036     0.611799      1.41468   -0.0344058  8.16187e-16     -43.3013     -5.83163      15.9366     0.570859      1.70559  -0.00141815
     1.35377     0.888786    -0.330253     -1.57251     0.238318      2.49571      1.05554  0.000696184   -0.0437845  -0.00158371    0.0389404  3.54452e-06 -3.51247e-05   0.00100175     0.337936     0.615269     0.143245     -3.10399     0.141792    -0.204202    0.0040894    0.0216421    0.0450566    0.0768557   -0.0262903   0.00850208    -0.410238     -42.1833     -5.42502      15.3552     0.618208      1.41468   -0.0737735  7.89733e-16     -43.3038     -5.82929      15.9446     0.571031        1.706  -0.00146266
     1.35378     0.888309    -0.330256     -1.57214     0.238317      2.49571      1.05554   0.00175441   -0.0463238 -0.000243592    0.0355488  0.000344102  0.000363051 -0.000359331     0.337969     0.615489     0.143712     -3.10317     0.141675    -0.204491   0.00267616    0.0216075    0.0452863    0.0768714   -0.0245395    0.0106845    -0.537191     -42.1356     -5.42502      15.2282     0.611799      1.40187     -0.04173  -2.1684e-18     -43.3056     -5.82655      15.9533     0.571205      1.70644  -0.00151158
     1.35377     0.887767     -0.33026      -1.5718     0.238315      2.49571      1.05554  0.000529088   -0.0533545  -0.00156288    0.0292397 -0.000223055   0.00134756 -0.000616731     0.338011     0.615709     0.144213     -3.10231     0.141585    -0.204778   0.00414859    0.0200055    0.0478576    0.0784817   -0.0253704   0.00780139    -0.513387     -42.0127     -5.37345      15.2798      0.63011      1.40828     -0.04173 -9.34582e-16     -43.3069     -5.82354      15.9625      0.57138       1.7069  -0.00156277
     1.35378     0.887158    -0.330258     -1.57145     0.238315      2.49571      1.05554   0.00029901   -0.0632493 -0.000535608    0.0321174 -0.000602259 -0.000212615  0.000630624      0.33805     0.615944     0.144761     -3.10137     0.141488    -0.205074   0.00419541    0.0228353    0.0553775    0.0895712   -0.0271627   0.00783227    -0.513387     -41.8421     -5.39725      15.2798     0.635603      1.41468   -0.0737735  1.98908e-15      -43.308      -5.8201      15.9724     0.571556       1.7074  -0.00161838
     1.35377     0.886489    -0.330269      -1.5711     0.238317      2.49572      1.05554  -0.00122105   -0.0663646  -0.00027038    0.0370417 -0.000136322  0.000295133 -0.000538491     0.338103     0.616183      0.14535     -3.10037     0.141425    -0.205396   0.00536737    0.0246745    0.0594587    0.0974537    -0.029707   0.00857755    -0.434042     -41.6715     -5.32188      15.2044     0.618208      1.39546     -0.04173  2.54354e-16     -43.3086     -5.81663      15.9829     0.571748      1.70793  -0.00167755
    1.35377    0.885787   -0.330285    -1.57076    0.238318     2.49572     1.05554 -0.00139849  -0.0688642 -0.00292712   0.0358824 0.000271746  8.9824e-05  0.00116946    0.338159    0.616427    0.145962    -3.09935    0.141364    -0.20573  0.00691212   0.0239414   0.0611038   0.0986722  -0.0314218  0.00441233   -0.386434    -41.5247    -5.27427     15.1767    0.606306     1.40187  -0.0801822 6.36372e-16    -43.3091    -5.81307     15.9937    0.571946     1.70847 -0.00173857
     1.35377     0.885036    -0.330309     -1.57041     0.238319      2.49572      1.05554  -0.00118074    -0.070543  -0.00317023    0.0313536 -3.46897e-05  7.96627e-05 -0.000281392     0.338218      0.61668      0.14661     -3.09827     0.141303    -0.206084   0.00674174    0.0226208    0.0605129     0.095948   -0.0303319   0.00499356    -0.410238     -41.5009      -5.2465      15.2282     0.611799      1.39546   -0.0481387   -1.907e-15     -43.3093     -5.80942       16.005     0.572158      1.70904  -0.00180249
     1.35377     0.884231    -0.330337     -1.57006     0.238319      2.49573      1.05554 -0.000285973   -0.0750479   -0.0111479     0.035233  0.000369804  0.000153773  0.000574144     0.338282     0.616942     0.147297     -3.09714     0.141253    -0.206457    0.0107831    0.0230801    0.0663484     0.102784   -0.0387112   0.00066182    -0.434042     -41.7945      -5.2465      15.2798     0.599897      1.40187   -0.0673648 -1.47235e-16     -43.3092      -5.8056      16.0169      0.57238      1.70963  -0.00186989
     1.35378      0.88337    -0.330368     -1.56971     0.238317      2.49573      1.05554  0.000408225   -0.0844288  -0.00212687    0.0361682 -0.000319682  3.39686e-05 -0.000395956     0.338345     0.617216     0.148023     -3.09595      0.14118    -0.206845   0.00595257    0.0274715    0.0717021     0.113733   -0.0346179   0.00875543    -0.485616     -41.5485     -5.27427       15.252     0.618208      1.40828   -0.0481387  1.02652e-15     -43.3089     -5.80154      16.0294     0.572611      1.71026  -0.00194051
     1.35377     0.882467    -0.330404     -1.56934     0.238317      2.49573      1.05554   2.8494e-05    -0.090287  -0.00301831    0.0329967  0.000139887 -0.000125768 -0.000644606      0.33842     0.617497     0.148785      -3.0947     0.141145    -0.207253   0.00671767    0.0269792    0.0745638     0.116556   -0.0349543    0.0069033    -0.434042     -41.5009      -5.2465      15.3552     0.623701      1.41468     -0.04173  2.00274e-15     -43.3085     -5.79736      16.0425     0.572854      1.71091  -0.00201448
     1.35376     0.881502    -0.330449     -1.56896     0.238315      2.49572      1.05555 -0.000826803   -0.0958109  -0.00482722    0.0386079 -0.000271777 -0.000187726   0.00102154     0.338505     0.617789     0.149596     -3.09338      0.14112    -0.207692   0.00866189    0.0290914    0.0808397     0.126571   -0.0399142   0.00493912    -0.358663     -41.8183      -5.2465       15.379     0.635603      1.42018   -0.0737735  4.19803e-16     -43.3078       -5.793      16.0563     0.573115      1.71159   -0.0020928
     1.35376     0.880458    -0.330488     -1.56858     0.238316      2.49572      1.05554  -0.00114684    -0.105154  -0.00399478    0.0386775 -0.000413094  0.000137732 -0.000136209     0.338584     0.618097     0.150458     -3.09198     0.141074    -0.208135   0.00877811    0.0308035    0.0871417     0.135938   -0.0416318   0.00643482    -0.358663     -41.9174     -5.32188      15.4544     0.635603      1.42018   -0.0481387  5.35162e-16     -43.3066     -5.78816      16.0709     0.573375      1.71231  -0.00217574
     1.35377     0.879321    -0.330512     -1.56822     0.238313      2.49573      1.05554   2.5299e-05    -0.113188 -0.000486218    0.0356648 -0.000712997  9.23493e-05 -0.000212259     0.338656     0.618421     0.151376     -3.09051     0.141015    -0.208576   0.00633226    0.0323258    0.0908953     0.141533   -0.0396413   0.00936792    -0.434042     -41.8421     -5.32188      15.4544     0.653914      1.42659   -0.0481387  1.55778e-15     -43.3049     -5.78263      16.0863      0.57363      1.71307  -0.00226354
     1.35377     0.878113    -0.330526     -1.56787     0.238314      2.49572      1.05554  0.000192691    -0.123859 -0.000389041    0.0362676 -3.31474e-05 -0.000699887   0.00112235     0.338724     0.618754     0.152336     -3.08897     0.140973    -0.209005   0.00655483    0.0343011    0.0983265     0.152338   -0.0412657   0.00785085    -0.461813     -41.7429     -5.34965      15.4544     0.642012      1.44581   -0.0801822   3.5822e-16     -43.3027     -5.77657      16.1024     0.573874      1.71385  -0.00235506
     1.35378     0.876777    -0.330531     -1.56754     0.238315      2.49572      1.05554  0.000392937    -0.133212  0.000606977    0.0271665  0.000150903  -0.00037268 -0.000819084      0.33879     0.619104     0.153373     -3.08733     0.140915    -0.209441   0.00582489    0.0329931     0.100975     0.153719   -0.0390061     0.008226    -0.537191     -41.9174     -5.37345       15.502     0.635603       1.4394   -0.0344058 -4.72712e-16     -43.2996     -5.76976      16.1195     0.574116      1.71469  -0.00245323
    1.35379    0.875335   -0.330526    -1.56725    0.238314     2.49572     1.05554  0.00238317   -0.145385 0.000516837    0.027076 0.000158651   0.0004137 0.000399565    0.338847    0.619462    0.154464    -3.08561    0.140861   -0.209867  0.00510433    0.035643    0.109346    0.166322  -0.0420644  0.00898784   -0.715719    -42.2348    -5.42502     15.6289    0.642012     1.42659  -0.0609561 3.19189e-16    -43.2954     -5.7623     16.1373    0.574346     1.71555 -0.00255568
     1.35379     0.873831    -0.330521     -1.56699     0.238314      2.49573      1.05554 -1.67164e-05    -0.150668 -0.000234534     0.025763 -7.39652e-05 -0.000117396 -0.000486563     0.338913     0.619814     0.155588     -3.08386     0.140842    -0.210291   0.00706426    0.0348865     0.112533     0.169541   -0.0430941   0.00676838    -0.687948     -41.6239     -5.47263      15.4544     0.642012       1.4394   -0.0481387  2.38004e-15     -43.2906     -5.75459      16.1555     0.574572      1.71642  -0.00266035
     1.35381     0.872271    -0.330525     -1.56673     0.238314      2.49572      1.05554   0.00128821    -0.155162 -0.000275016    0.0260911 -0.000304222 -0.000326232  0.000149095     0.338979     0.620175      0.15675     -3.08206     0.140821     -0.21073   0.00640761    0.0359992      0.11577     0.174024    -0.044209   0.00763876    -0.791097     -41.3541     -5.42502      15.4544     0.642012      1.44581   -0.0609561  2.93168e-16     -43.2853     -5.74674      16.1741     0.574808      1.71732   -0.0027679
      1.3538      0.87061    -0.330533     -1.56647     0.238315      2.49572      1.05554  -0.00109851    -0.166729 -0.000221501     0.024969  0.000230963 -0.000260514 -0.000203826     0.339062     0.620545     0.157983     -3.08015     0.140837    -0.211199     0.008204    0.0365936     0.123248     0.184585   -0.0459838   0.00496801    -0.687948     -41.7945     -5.32188      15.4544     0.635603      1.44581   -0.0481387 -9.14199e-16     -43.2794     -5.73847      16.1938     0.575056      1.71826  -0.00288188
      1.3538     0.868887    -0.330527     -1.56625     0.238312      2.49572      1.05554 -0.000438321    -0.177605   0.00102195    0.0225085 -0.000150997 -0.000166242   0.00084251     0.339135     0.620916     0.159243     -3.07821     0.140844    -0.211647   0.00738295    0.0379155     0.129548     0.193297   -0.0466117   0.00506027    -0.664144     -42.0642     -5.42502      15.6527     0.659407      1.44581   -0.0673648  1.55084e-15     -43.2726     -5.72969      16.2137     0.575287       1.7192  -0.00299752
      1.3538     0.867057    -0.330518     -1.56605     0.238311      2.49572      1.05554  0.000370146     -0.18737   0.00102802    0.0223666 -0.000135958 -0.000143564  9.75907e-05     0.339207     0.621295     0.160564      -3.0762     0.140855    -0.212097   0.00717982    0.0395426     0.136214     0.202629   -0.0487024   0.00655821    -0.664144     -41.8183     -5.52421      15.5298     0.671309      1.44581   -0.0545474  1.37737e-15      -43.265     -5.72035      16.2344     0.575513      1.72018   -0.0031182
     1.35381     0.865173    -0.330528     -1.56587     0.238311      2.49573      1.05554   0.00168878    -0.185992  -0.00139027    0.0170194  0.000264565   0.00010937  0.000958045     0.339284     0.621674      0.16192     -3.07414     0.140885    -0.212572   0.00730644    0.0370959     0.133594     0.196694   -0.0479124   0.00386411    -0.791097     -41.4771     -5.37345      15.4544     0.665815      1.44581   -0.0737735 -9.61037e-16     -43.2565     -5.71112      16.2555     0.575753      1.72117  -0.00324127
     1.35382     0.863171    -0.330527     -1.56571     0.238311      2.49572      1.05554  0.000530642    -0.204734  0.000657033    0.0155882  0.000442407 -0.000216843 -0.000162536     0.339359     0.622063     0.163345     -3.07199     0.140921     -0.21304   0.00748559    0.0395299     0.145515     0.213731   -0.0496214   0.00462779    -0.838705     -41.9174     -5.39725      15.7043     0.671309      1.45222   -0.0545474 -1.09981e-15     -43.2471      -5.7011      16.2774     0.575984       1.7222  -0.00336987
     1.35382     0.861066    -0.330514      -1.5656     0.238304      2.49572      1.05554  0.000280974    -0.214254   0.00233439   0.00672559  0.000181759 -0.000206486  0.000847478     0.339433     0.622452     0.164823     -3.06977     0.140967    -0.213502   0.00663391     0.038121     0.148248     0.215551   -0.0468921   0.00247275    -0.814901     -42.1118     -5.57578      15.7519     0.688704      1.45863   -0.0673648  3.43475e-16     -43.2366     -5.69042         16.3     0.576203      1.72325  -0.00350252
     1.35382     0.858972    -0.330514     -1.56549     0.238304      2.49572      1.05554   0.00088112    -0.210105 -0.000614248    0.0132539  0.000217344 -0.000179728  -0.00079832     0.339514     0.622831     0.166292     -3.06757     0.141041    -0.213969   0.00789489    0.0388074     0.148605     0.216555   -0.0509542   0.00435575    -0.763326     -40.9613     -5.52421      15.5536     0.688704      1.45863   -0.0344058  1.05818e-16     -43.2257     -5.68002      16.3223     0.576423      1.72428  -0.00363414
     1.35382     0.856878    -0.330533     -1.56536     0.238305      2.49573      1.05554 -0.000137326    -0.210713 -0.000845658    0.0119196  0.000469732  -0.00017608  0.000713498     0.339603      0.62321     0.167775     -3.06535     0.141117    -0.214467   0.00854617    0.0377363     0.148602     0.216269   -0.0504908   0.00117898    -0.791097     -41.0605     -5.29807      15.5298      0.68321      1.45222   -0.0673648  8.50015e-17     -43.2149      -5.6699      16.3446     0.576662      1.72532  -0.00376687
     1.35382     0.854683    -0.330543     -1.56523     0.238305      2.49572      1.05554 -9.52934e-05    -0.220389 -0.000361356   0.00958912  0.000151584 -0.000229161    0.0004804     0.339692     0.623604     0.169327     -3.06303     0.141197     -0.21497   0.00842533    0.0383023     0.154269     0.223531   -0.0514166   0.00141423    -0.739523     -41.8421     -5.17112      15.7043      0.68321      1.45863   -0.0673648  8.37871e-16     -43.2032     -5.65908       16.368       0.5769      1.72639  -0.00390547
     1.35381     0.852375    -0.330527     -1.56512     0.238303      2.49573      1.05554 -3.07278e-05    -0.233425    0.0021858   0.00501487 -0.000619077  0.000307283 -0.000337672     0.339773     0.624008     0.170941     -3.06062     0.141265    -0.215458   0.00723459    0.0391828     0.161072      0.23263   -0.0512466   0.00343021    -0.687948     -41.6239     -5.39725      15.8511     0.700605      1.44581   -0.0481387  1.35655e-15     -43.1905     -5.64725      16.3922     0.577116       1.7275  -0.00404984
     1.35381     0.849929     -0.33053     -1.56502     0.238305      2.49573      1.05554 -0.000516319    -0.245966 -0.000261675    0.0120058  0.000394463 -0.000133034   0.00138881     0.339865     0.624426     0.172655     -3.05807     0.141368    -0.215988   0.00946651    0.0422671     0.172923     0.250962   -0.0577192  0.000577222    -0.664144     -41.5961     -5.34965      15.7043     0.677717      1.45863   -0.0801822  -8.1532e-17     -43.1767     -5.63506      16.4176     0.577353      1.72865  -0.00420241
     1.35381     0.847384    -0.330533     -1.56495     0.238304      2.49572      1.05554 -0.000321066    -0.255972 -0.000359791   0.00622767  0.000166372  4.62067e-05  0.000214693     0.339957     0.624846     0.174424     -3.05545     0.141476    -0.216524   0.00940065    0.0415144     0.177539      0.25552   -0.0578666  0.000630148    -0.664144     -42.0642     -5.29807      15.8273     0.688704      1.45863   -0.0609561  3.11556e-15     -43.1617      -5.6224      16.4437     0.577588      1.72983    -0.004359
     1.35381      0.84481    -0.330541     -1.56488     0.238303      2.49573      1.05554   0.00031886    -0.263875 -0.000319115   0.00888742  6.06357e-06  0.000115857  0.000731789      0.34005     0.625263     0.176211     -3.05281     0.141586    -0.217066   0.00926197    0.0433867     0.184152     0.265636   -0.0607325   0.00154668    -0.687948     -40.9851     -5.19889      15.7043     0.695112      1.45863   -0.0609561  4.90927e-16     -43.1461     -5.60963      16.4698     0.577822        1.731  -0.00451693
      1.3538     0.842116    -0.330549     -1.56484     0.238302      2.49572      1.05554  -0.00156741     -0.27216   -0.0012442   0.00239568 -0.000462965 -0.000116242  -0.00120823     0.340152     0.625683     0.178073     -3.05007     0.141718    -0.217621    0.0108114    0.0411138     0.187381     0.267199   -0.0607709 -0.000307796    -0.560995     -41.5961     -5.12351      15.9781     0.707014      1.46504   -0.0279971  3.05311e-16     -43.1292     -5.59628      16.4968     0.578056      1.73221   -0.0046807
     1.35379     0.839327    -0.330549     -1.56479     0.238301      2.49572      1.05554  -0.00256872    -0.277468 -0.000309558   0.00599586 -0.000270062  -6.3605e-05  0.000599604     0.340254     0.626111         0.18     -3.04723     0.141867    -0.218182    0.0111615    0.0424752     0.192493     0.276082   -0.0625226  -0.00173453    -0.386434     -42.0365     -5.12351      15.8035     0.712507      1.46504   -0.0673648  9.88792e-16     -43.1113     -5.58226      16.5246     0.578284      1.73344  -0.00485024
     1.35379     0.836488     -0.33055     -1.56477     0.238295      2.49572      1.05554   0.00038408    -0.285636 -0.000615109   0.00479961 -0.000196309 -0.000112565  -0.00108505     0.340352     0.626538     0.181953     -3.04437     0.141999    -0.218745   0.00956974    0.0436748     0.197761     0.282707   -0.0640731   0.00232677    -0.358663     -41.5485     -5.12351      15.9781     0.724409      1.46504   -0.0215884 -2.87964e-16     -43.0926     -5.56799      16.5526      0.57851      1.73467   -0.0050213
     1.35378     0.833575    -0.330574     -1.56478     0.238298      2.49572      1.05554 -0.000292382    -0.287112  -0.00511045  0.000930574  0.000425539 -8.58884e-05 -0.000253476      0.34046     0.626956     0.183951     -3.04145     0.142177    -0.219331    0.0121387    0.0406955     0.197956     0.280465   -0.0656363  -0.00355691    -0.386434     -41.7945     -4.92118      16.0772     0.700605      1.47145     -0.04173  7.11237e-16     -43.0727     -5.55377      16.5809     0.578742      1.73591  -0.00519562
     1.35379     0.830729    -0.330598     -1.56473     0.238297      2.49573      1.05554  0.000542991    -0.292243  -0.00212361   0.00535421  0.000179006  0.000353831 -0.000621061     0.340561      0.62738     0.185927     -3.03855     0.142312    -0.219932    0.0102766    0.0433926     0.203049     0.290023   -0.0668445   0.00090781    -0.461813     -40.7907     -4.94498      15.6012     0.707014      1.45222   -0.0344058   8.1532e-17     -43.0534     -5.53975      16.6089     0.578983      1.73713  -0.00536876
      1.3538     0.827791    -0.330608     -1.56468     0.238297      2.49573      1.05554  0.000530735    -0.293198  -0.00591753   0.00639735 -0.000135959  0.000313777  0.000884091     0.340657     0.627816     0.187967     -3.03555     0.142445    -0.220531    0.0122301     0.042309      0.20482     0.291315   -0.0702351  -0.00269741    -0.537191     -41.2073     -5.04813      16.0019     0.707014      1.45863   -0.0609561   1.0842e-15     -43.0332     -5.52496      16.6377     0.579214      1.73837  -0.00554755
     1.3538    0.824731   -0.330612     -1.5646    0.238299     2.49573     1.05554 0.000357257   -0.309423 0.000153542  0.00989321 0.000559155 0.000375772 -0.00131409    0.340757     0.62827    0.190099    -3.03241     0.14257   -0.221156  0.00963892   0.0465669    0.216693    0.311225  -0.0706731  0.00375433   -0.537191    -41.7945    -5.07194     15.9027    0.688704     1.45863  -0.0215884 3.05311e-16     -43.012    -5.50937     16.6677    0.579449     1.73966 -0.00573485
     1.35379     0.821564    -0.330616     -1.56456     0.238297      2.49572      1.05554  1.81333e-05    -0.320134 -0.000849837     0.001259   0.00010641 -0.000112818  0.000408677      0.34086      0.62872     0.192294      -3.0292     0.142729    -0.221785    0.0101826    0.0441743     0.220686     0.313612   -0.0698986 -0.000744721    -0.485616     -41.5247     -5.04813      16.1764     0.707014      1.47145   -0.0609561 -5.20417e-18     -42.9893     -5.49321      16.6984     0.579679      1.74096  -0.00592678
      1.3538      0.81834    -0.330634     -1.56452     0.238298      2.49572      1.05554  0.000546051    -0.322703 -0.000946818   0.00634668  0.000588856  2.71611e-05 -0.000405661     0.340966     0.629169     0.194531     -3.02593     0.142879    -0.222439    0.0100373    0.0456165     0.224767     0.320775   -0.0725424       0.0014    -0.513387     -40.7907     -4.89738      15.8035     0.700605      1.47145     -0.04173  1.47105e-15     -42.9656     -5.47697      16.7293     0.579915      1.74226  -0.00612182
     1.35379     0.815028    -0.330656     -1.56449     0.238299      2.49572      1.05554  -0.00114598    -0.332665  -0.00292507   0.00591705  0.000467725 -0.000282704 -0.000825853     0.341082     0.629613     0.196825     -3.02258     0.143067    -0.223105     0.012247    0.0449664      0.23185     0.329445   -0.0758503  -0.00128067    -0.386434     -41.5247     -4.89738       16.101     0.695112      1.47694   -0.0279971  3.62557e-16     -42.9406      -5.4603      16.7607     0.580149      1.74358  -0.00632124
     1.35378     0.811638    -0.330687     -1.56446     0.238297      2.49572      1.05554  -0.00318901     -0.34121  -0.00117725   0.00442733 -0.000964751 -0.000422855 -5.16772e-05     0.341205     0.630057     0.199173     -3.01916     0.143272    -0.223795    0.0126149    0.0445806     0.236999     0.336105   -0.0764831  -0.00227566    -0.311056     -41.4017     -4.86961      16.0257     0.712507      1.48335   -0.0545474  1.68615e-15     -42.9145     -5.44333      16.7927      0.58039       1.7449  -0.00652499
     1.35377     0.808183    -0.330733     -1.56446     0.238295      2.49572      1.05554  -0.00058335    -0.346302  -0.00596433    -0.000847 -0.000592592 -0.000163181  0.000188002     0.341333      0.63049     0.201561     -3.01569     0.143493    -0.224502    0.0132765    0.0424434     0.239147     0.336132   -0.0786469  -0.00469499     -0.23171     -41.6953       -4.822      16.3272     0.724409      1.47694   -0.0481387  1.00267e-15     -42.8871     -5.42625      16.8249     0.580633      1.74622  -0.00673131
     1.35377     0.804827    -0.330809     -1.56441     0.238294      2.49572      1.05554  0.000744726    -0.327534   -0.0100254   0.00799577 -0.000732532 -0.000542129 -0.000608387     0.341468     0.630914     0.203906     -3.01229     0.143705    -0.225243    0.0142138    0.0414511     0.230642     0.324421    -0.081144    -0.003274    -0.283285     -40.8661     -4.71885      15.8035     0.736311      1.48335   -0.0344058  1.89085e-16     -42.8603     -5.41006      16.8562       0.5809       1.7475  -0.00693368
     1.35379     0.801426    -0.330901     -1.56434     0.238292      2.49572      1.05554   0.00155936    -0.339398  -0.00991766   0.00660015  7.03286e-05  9.12485e-06 -0.000353545     0.341604     0.631344     0.206298     -3.00881     0.143916    -0.226023     0.013768    0.0420456      0.23843     0.335663    -0.082839  -0.00349968    -0.485616     -40.8383       -4.822      16.0257     0.724409      1.47694     -0.04173  7.28584e-17     -42.8327     -5.39379      16.8881     0.581183      1.74879  -0.00714026
      1.3538     0.797838    -0.330991     -1.56423      0.23829      2.49572      1.05554  0.000814034    -0.364422   -0.0122422   0.00791577  0.000328397 -0.000152959 -0.000460242     0.341746     0.631797     0.208833     -3.00511      0.14412    -0.226848     0.015989    0.0437683     0.256746     0.360868   -0.0901596  -0.00567116    -0.588766     -41.2787     -4.86961      16.0019     0.730818      1.48335     -0.04173 -4.35416e-16     -42.8034     -5.37641      16.9216     0.581478      1.75013  -0.00735936
     1.35379     0.794162    -0.331057     -1.56412     0.238283      2.49572      1.05554 -0.000674872    -0.371439  -0.00425323    0.0134638  0.000488947 -0.000481753 -0.000264638     0.341884     0.632255     0.211429     -3.00133     0.144324    -0.227667     0.012885    0.0469105     0.262983      0.37364   -0.0881412 -0.000630768    -0.537191     -41.3541     -4.99656      16.1526     0.754622      1.48976   -0.0481387   7.8236e-16      -42.773     -5.35805      16.9558     0.581754      1.75148  -0.00758402
     1.35378     0.790468    -0.331109     -1.56398     0.238279      2.49572      1.05554  -0.00139257    -0.368732  -0.00780137    0.0140402 -0.000442401  0.000278902 -0.000863112     0.342023     0.632712      0.21405     -2.99749     0.144525    -0.228484    0.0149801    0.0446966      0.26213     0.371051   -0.0913315  -0.00248021    -0.311056     -40.8661     -4.77042      16.1288     0.783918      1.47145   -0.0279971  3.66027e-16      -42.742     -5.33925      16.9902     0.582017      1.75282  -0.00781141
     1.35377     0.786663    -0.331185     -1.56382     0.238274      2.49572      1.05554 -0.000102057    -0.379582  -0.00779696   0.00889896 -0.000940073 -0.000508539  0.000653481     0.342171     0.633175      0.21676     -2.99354     0.144741    -0.229354    0.0139816    0.0437299     0.267535     0.376521   -0.0911081  -0.00360325     -0.23171     -41.3303     -4.69504      16.1764     0.801313      1.48976   -0.0673648   1.2438e-15     -42.7096     -5.32017      17.0254     0.582303      1.75418  -0.00804589
     1.35377     0.782797    -0.331273     -1.56364     0.238274      2.49572      1.05554    0.0002426    -0.382486   -0.0107323     0.018855  0.000309038 -0.000707803  -0.00107474     0.342316     0.633643     0.219527     -2.98949     0.144932    -0.230254    0.0155138    0.0453856      0.27442     0.387756   -0.0973845  -0.00223231    -0.311056     -41.5485     -4.79423      16.1526     0.789412      1.49617   -0.0215884   9.6971e-16     -42.6761     -5.30086      17.0611     0.582595      1.75554  -0.00828517
     1.35378     0.778994    -0.331345     -1.56346     0.238273      2.49572      1.05554   0.00132921    -0.380967  -0.00838365    0.0182132  0.000779154 -8.22774e-05 -0.000612551     0.342447       0.6341     0.222251      -2.9855     0.145114    -0.231123    0.0133238    0.0450006     0.273029     0.386871   -0.0951797 -0.000392959    -0.434042     -40.7669     -4.79423      16.0257     0.760115      1.48335     -0.04173 -7.97973e-17     -42.6426     -5.28151       17.096     0.582862      1.75686  -0.00852106
    1.35378    0.775229   -0.331387    -1.56318    0.238269     2.49572     1.05554 0.000459861   -0.384216 -0.00109602   0.0301529 0.000127546 0.000203147 0.000534464    0.342566    0.634575    0.224985    -2.98147    0.145234   -0.231995   0.0103148   0.0495273    0.279685    0.401685  -0.0964254  0.00594758   -0.434042    -40.3504    -4.77042     16.0534    0.789412     1.47694  -0.0609561 1.64452e-15    -42.6098    -5.26164      17.131    0.583125     1.75816 -0.00875933
     1.35379     0.771298    -0.331424     -1.56284     0.238269      2.49572      1.05554   0.00065749    -0.396594  0.000299705      0.03737    0.0001845 -0.000353557 -0.000976176     0.342686      0.63508     0.227868     -2.97721     0.145331    -0.232921   0.00971206    0.0522218     0.291398     0.419608    -0.101134    0.0101635    -0.485616     -41.1597     -4.74662       16.228     0.789412      1.48976   -0.0279971  1.05818e-15     -42.5754     -5.24063      17.1677     0.583399       1.7595  -0.00901136
      1.3538      0.76728    -0.331429     -1.56244     0.238261      2.49572      1.05554   8.3916e-05     -0.39988 -7.81949e-05    0.0386683 -0.000923163  9.90481e-05  0.000448022     0.342787     0.635607     0.230831     -2.97281     0.145384    -0.233855     0.010137    0.0514619     0.294609      0.42397     -0.10341   0.00893019    -0.588766     -41.0367     -4.92118      16.3272     0.819624      1.48976   -0.0673648  8.53484e-16       -42.54     -5.21846      17.2053     0.583661      1.76085  -0.00927125
      1.3538     0.763274    -0.331433     -1.56199     0.238258      2.49572      1.05554  0.000430005    -0.401509 -0.000816053    0.0455278  4.21948e-05 -0.000468924 -0.000589572     0.342886     0.636137     0.233811     -2.96837     0.145406    -0.234807    0.0102797    0.0522993     0.299047     0.431249    -0.106508    0.0106071    -0.664144     -40.6677     -4.86961      16.2756     0.819624      1.49617   -0.0344058   5.0307e-16     -42.5045     -5.19618      17.2429     0.583924      1.76219  -0.00953311
     1.3538    0.759209   -0.331436    -1.56148    0.238255     2.49572     1.05554 0.000168695   -0.408242 0.000376029   0.0504355  0.00041305 0.000170753 0.000617772    0.342993    0.636675    0.236863    -2.96381    0.145442   -0.235796  0.00986776   0.0533619    0.306073    0.443167   -0.109286   0.0108784   -0.612569    -41.1319      -4.822     16.3272    0.825117     1.48335  -0.0673648 9.99201e-16    -42.4682    -5.17341     17.2811    0.584195     1.76352 -0.00980176
      1.3538     0.755138    -0.331448      -1.5609     0.238254      2.49572      1.05554    -0.001099    -0.406462 -0.000247022    0.0546188  0.000153536 -5.06519e-05  0.000970582     0.343104     0.637215      0.23995     -2.95918     0.145467    -0.236822    0.0107983    0.0524812      0.30703     0.444733    -0.111157   0.00985795    -0.560995     -41.4493     -4.69504      16.7001     0.825117      1.48976   -0.0673648  2.11636e-16     -42.4315     -5.15058      17.3194     0.584478      1.76483   -0.0100738
      1.3538     0.751205     -0.33144     -1.56021     0.238252      2.49572      1.05554  2.53365e-05    -0.394351   0.00168344    0.0729256 -3.13258e-05  0.000350463 -0.000726663     0.343198      0.63777     0.242991      -2.9546     0.145404    -0.237854   0.00915453    0.0563525     0.306761     0.449105    -0.115905    0.0181932    -0.612569     -40.2274     -4.77042      16.1526     0.813215      1.47694   -0.0344058  1.41206e-15     -42.3965     -5.12795      17.3571     0.584764       1.7661   -0.0103434
     1.35381     0.747176    -0.331441     -1.55943     0.238252      2.49572      1.05554   0.00108247    -0.405054 -0.000500009    0.0813831 -0.000284425  7.49901e-05  0.000744061     0.343293     0.638349     0.246146     -2.94982     0.145332    -0.238953   0.00977696    0.0581071     0.318565     0.466502    -0.123166    0.0181732    -0.739523     -40.6439     -4.74662      16.5017     0.813215      1.48976   -0.0673648  9.12465e-16     -42.3604     -5.10474      17.3959     0.585073      1.76738   -0.0106235
     1.35382     0.742997    -0.331436     -1.55853     0.238248      2.49572      1.05554  0.000940398     -0.42242  0.000546425    0.0906527 -0.000850829  0.000295011  -0.00115393      0.34339      0.63896     0.249459     -2.94478     0.145209    -0.240131   0.00958911    0.0609413     0.335055     0.491273    -0.131142    0.0229658    -0.814901     -41.3303       -4.822      16.4026     0.848921      1.47694   -0.0279971  2.08167e-17     -42.3229     -5.08036      17.4363     0.585404      1.76869   -0.0109184
    1.35383    0.738816   -0.331426    -1.55759    0.238246     2.49572     1.05554 0.000898556   -0.421083  0.00178894    0.093923 0.000110903 0.000348317 0.000165733    0.343485    0.639568    0.252797     -2.9397    0.145091   -0.241318  0.00868559   0.0605089     0.33581    0.493699   -0.130757   0.0225843   -0.838705    -40.7431    -4.92118     16.4502    0.825117     1.48335  -0.0545474 5.96745e-16    -42.2849    -5.05574     17.4766    0.585729     1.76996  -0.0112155
    1.35383    0.734576   -0.331433    -1.55658    0.238247     2.49572     1.05554 0.000877903   -0.426781  -0.0011799    0.100549 0.000150469 0.000264708  0.00062151    0.343591    0.640179    0.256213     -2.9345    0.144974   -0.242565   0.0101774   0.0603896    0.343542    0.504619    -0.13677   0.0212465   -0.814901    -40.7193      -4.822     16.5017    0.813215     1.48976  -0.0737735 1.11716e-15    -42.2458    -5.03091     17.5174    0.586072     1.77122  -0.0115194
     1.35382     0.730278     -0.33144     -1.55547     0.238246      2.49572      1.05554 -0.000650533    -0.427351 -0.000423081      0.11078 -0.000362979 -5.58135e-05 -0.000659177     0.343704     0.640798     0.259714     -2.92915     0.144847    -0.243866     0.010663    0.0612592     0.348816     0.513453    -0.141373    0.0239415    -0.664144     -41.4017     -4.71885      16.6009     0.819624      1.49617     -0.04173 -2.70617e-16     -42.2057     -5.00555      17.5588     0.586429      1.77246   -0.0118312
     1.35381     0.726124    -0.331446     -1.55432     0.238246      2.49572      1.05554  0.000347952    -0.412701  -0.00132542     0.120236 -0.000242141 -0.000289023   0.00100932     0.343806     0.641408     0.263142      -2.9239     0.144686    -0.245155    0.0101477    0.0612899     0.343329     0.507388    -0.142544    0.0245011    -0.636373     -40.3266     -4.67124      16.4779     0.819624      1.50898   -0.0737735  4.71845e-16     -42.1668     -4.98081      17.5989     0.586781      1.77364   -0.0121365
     1.35382     0.721987    -0.331445     -1.55308     0.238248      2.49572      1.05554  0.000939088    -0.420509  -0.00035508     0.123426  0.000276902 -0.000437427 -0.000193011     0.343898     0.642028     0.266599     -2.91859      0.14448    -0.246473    0.0090619    0.0614556     0.350532     0.517822    -0.144925    0.0272201    -0.715719     -39.8386     -4.64347      16.5771     0.801313      1.50898     -0.04173 -1.73472e-16     -42.1279     -4.95589      17.6389     0.587137      1.77477   -0.0124452
     1.35383     0.717674    -0.331446     -1.55172     0.238246      2.49572      1.05554  0.000103589    -0.427255   0.00076765     0.135285 -0.000599661  0.000136774 -0.000246658     0.343992     0.642673     0.270238     -2.91299     0.144252     -0.24788   0.00902202    0.0633664     0.361021     0.534914     -0.15192    0.0302386    -0.791097     -41.0129     -4.64347      16.7279     0.819624      1.49617   -0.0545474  1.30451e-15     -42.0868     -4.92974      17.6806     0.587515      1.77592   -0.0127701
     1.35383      0.71337    -0.331435     -1.55029     0.238244      2.49572      1.05554 -0.000824128    -0.431362  0.000749967     0.145624 -0.000981856    -0.000756  0.000440639     0.344078     0.643324     0.273909     -2.90733      0.14398    -0.249303   0.00947069    0.0641536     0.368992     0.547108    -0.157111    0.0309009    -0.838705     -40.5725     -4.79423      16.5771     0.837019       1.5218   -0.0609561  6.93889e-17     -42.0454     -4.90329      17.7222      0.58789      1.77702   -0.0130978
     1.35383     0.709073    -0.331433     -1.54883     0.238244      2.49572      1.05554  0.000423028    -0.425709   -0.0010625     0.150917   0.00040128 -0.000515238  -0.00121356     0.344167     0.643958     0.277593     -2.90164     0.143726    -0.250747   0.00924587    0.0633063      0.36819     0.546466    -0.159135     0.032505    -0.814901     -40.3504     -4.77042      16.8033     0.807722       1.5218   -0.0344058   6.8695e-16     -42.0032     -4.87691      17.7633     0.588262      1.77807   -0.0134263
     1.35382     0.704725    -0.331451     -1.54731     0.238242      2.49572      1.05554  -0.00152306    -0.431899  -0.00143092     0.154845  0.000156166 -0.000109568 -0.000282803     0.344272     0.644584      0.28135     -2.89585     0.143484    -0.252251    0.0104079    0.0619738     0.374938     0.556227    -0.162785     0.030206    -0.664144     -40.9137     -4.51652      16.8509     0.813215      1.50898   -0.0481387 -1.45717e-16     -41.9597     -4.85037      17.8045     0.588651      1.77908   -0.0137604
     1.35383     0.700502    -0.331451     -1.54573     0.238246      2.49572      1.05554   0.00139414    -0.418683  8.88932e-05     0.159205  2.38529e-05  0.000185534 -0.000878852     0.344354     0.645208     0.285047     -2.89012     0.143198    -0.253727   0.00723983    0.0619866     0.367975     0.547365     -0.16145    0.0356882    -0.715719     -40.3266     -4.56809      16.6525     0.813215      1.50898   -0.0344058  3.40006e-16     -41.9172     -4.82412      17.8446     0.589021      1.78002   -0.0140898
    1.35384    0.696329   -0.331443    -1.54407    0.238242     2.49572     1.05554  0.00236714   -0.420856 0.000567444    0.165043 0.000896011 0.000520202 0.000235924    0.344422    0.645835    0.288746    -2.88438    0.142854   -0.255223  0.00606731   0.0621688    0.372672    0.555496   -0.163728    0.036509   -0.866476    -39.4458    -4.64347     16.6009    0.813215     1.49617  -0.0609561 4.23273e-16    -41.8748    -4.79786     17.8842    0.589395     1.78091  -0.0144195
     1.35386     0.691973    -0.331439     -1.54233      0.23824      2.49572      1.05554     0.005227    -0.434868   0.00103193     0.177964  -0.00024991 -0.000146035 -0.000397536     0.344485     0.646475      0.29262     -2.87838     0.142486    -0.256788   0.00385426    0.0650951     0.388915     0.579241    -0.172895    0.0434937     -1.04104     -40.6677     -4.69504      16.9778     0.831526      1.51539   -0.0481387  1.29757e-15     -41.8297     -4.77042      17.9251     0.589775      1.78177   -0.0147637
     1.35388     0.687579    -0.331424      -1.5405     0.238238      2.49572      1.05554   0.00262961    -0.437035   0.00319882     0.188853 -0.000806735  0.000121302  -0.00106776      0.34454     0.647121     0.296569     -2.87224     0.142087    -0.258391   0.00412595    0.0655009     0.395811     0.590913    -0.177744    0.0455858    -0.993429     -40.4734       -4.822      16.7001     0.848921       1.5218   -0.0344058  7.21645e-16     -41.7836     -4.74239       17.966     0.590153      1.78258   -0.0151147
     1.35392     0.683206    -0.331425     -1.53869     0.238241      2.49572      1.05554   0.00557455    -0.435423 -0.000716157     0.180542  0.000465291    2.709e-05  0.000349308      0.34459     0.647739     0.300499     -2.86615     0.141709     -0.25998   0.00353855    0.0611069     0.391835     0.582351    -0.174986    0.0415074    -0.890279     -39.9854     -4.74662      17.1008     0.825117       1.5218   -0.0673648 -4.02456e-16     -41.7363     -4.71469       18.006     0.590516      1.78332   -0.0154624
     1.35395     0.678763    -0.331439     -1.53688     0.238237      2.49572      1.05554   0.00733053    -0.435313  -0.00080507     0.180094 -6.29867e-05 -0.000226231  -0.00150506     0.344644     0.648331     0.304485     -2.85999     0.141337    -0.261596   0.00187952    0.0593689     0.392057     0.580997    -0.175631    0.0449578    -0.814901     -40.4972     -4.56809      16.9024     0.831526      1.54011   -0.0279971   1.1241e-15     -41.6869     -4.68668      18.0458     0.590871      1.78401   -0.0158131
     1.35398     0.674458    -0.331431     -1.53506     0.238235      2.49571      1.05554  0.000852006    -0.423277  0.000504433     0.184749 -0.000293153  -0.00107421  0.000906334     0.344679     0.648908     0.308383     -2.85396     0.140945    -0.263165   0.00485273    0.0561594     0.385967     0.573094    -0.173528    0.0380852    -0.866476     -40.3028     -4.67124      17.3031     0.837019      1.57856   -0.0737735    1.249e-16     -41.6385     -4.65906      18.0841     0.591201      1.78461   -0.0161562
     1.35402     0.670291    -0.331424     -1.53315     0.238235      2.49571      1.05554    0.0065187     -0.42189   0.00064801     0.191663   0.00041188 -0.000164266 -0.000124923     0.344703     0.649485     0.312226     -2.84798     0.140502    -0.264745  0.000733471    0.0577818     0.388825     0.578622    -0.176716     0.045656     -0.91805     -39.1284     -4.71885      17.1008     0.837019      1.58497   -0.0545474  8.74301e-16     -41.5914     -4.63209      18.1212     0.591537      1.78514   -0.0164949
    1.35407    0.665949   -0.331444    -1.53118    0.238237     2.49571     1.05554   0.0059827   -0.435637 -0.00115462    0.200364 9.82559e-05 -0.00032186  0.00118588    0.344735    0.650055    0.316236    -2.84176    0.140075   -0.266409  0.00165665   0.0572349     0.40339     0.59931   -0.184613   0.0441818   -0.866476    -40.2274    -4.44114     16.9262    0.819624     1.58497  -0.0801822 1.06859e-15    -41.5411    -4.60431     18.1592    0.591883     1.78563  -0.0168467
     1.35412     0.661599    -0.331429     -1.52916     0.238236      2.49571      1.05554   0.00438571    -0.430904   0.00158353     0.198279 -0.000199438 -0.000735899  -0.00119775     0.344738     0.650623     0.320268      -2.8355     0.139588    -0.268048  0.000626502    0.0545731     0.399197     0.592265    -0.181752    0.0465086    -0.890279     -40.4019     -4.64347      17.5253     0.825117      1.62892   -0.0279971  9.99201e-16     -41.4898     -4.57587      18.1967     0.592198      1.78605      -0.0172
     1.35417     0.657312     -0.33142     -1.52714     0.238237       2.4957      1.05554   0.00454271    -0.432661  0.000837285     0.200282  0.000277553 -0.000608289  0.000698736     0.344745     0.651165     0.324265      -2.8293     0.139131    -0.269679   0.00038795    0.0526786      0.40201     0.596302     -0.18285    0.0442161    -0.791097     -39.7156     -4.69504      17.4499     0.819624      1.65364   -0.0673648  4.16334e-16     -41.4384      -4.5478      18.2331     0.592502       1.7864   -0.0175492
     1.35419     0.652997    -0.331437     -1.52513     0.238238       2.4957      1.05554   0.00124762      -0.4339  -0.00146728     0.199801  0.000298335 -0.000375117  0.000861185     0.344773      0.65167     0.328291     -2.82307     0.138724    -0.271346   0.00316631    0.0485506     0.403464     0.596994    -0.184491     0.038617    -0.814901      -40.156     -4.44114      17.2754     0.813215      1.66005   -0.0673648 -4.16334e-17     -41.3852     -4.51988       18.269     0.592804      1.78668   -0.0178992
     1.35422     0.648812     -0.33143     -1.52317     0.238238      2.49569      1.05554   0.00331809    -0.419644   0.00162385     0.197042  0.000677986  -0.00169409 -0.000754714     0.344779     0.652146     0.332196     -2.81703     0.138298     -0.27293 -0.000435381    0.0471879     0.391957      0.57983    -0.177926    0.0437035    -0.838705     -40.1084     -4.51652      17.4777     0.807722       1.6985   -0.0344058  6.93889e-16     -41.3326     -4.49239      18.3031     0.593062      1.78689    -0.018238
     1.35426     0.644783    -0.331424     -1.52119     0.238235      2.49569      1.05554   0.00482507    -0.405872  0.000228567     0.197302  0.000928882 -0.000513769   0.00082963     0.344773     0.652611     0.336007     -2.81111     0.137854    -0.274497  -0.00116375    0.0453962     0.383038     0.567807    -0.176073    0.0423318    -0.866476      -38.934      -4.5919      17.3745     0.819624       1.7104   -0.0737735  1.47105e-15     -41.2815     -4.46574      18.3357     0.593321      1.78703   -0.0185685
     1.35431     0.640608    -0.331434     -1.51916     0.238233      2.49569      1.05554   0.00409884    -0.427718  -0.00180703     0.197821  0.000182084  0.000173856 -0.000505637     0.344766     0.653064     0.339952     -2.80501     0.137403    -0.276124 -0.000173746    0.0424792       0.3996     0.589233    -0.183638    0.0414976    -0.838705     -39.7394     -4.39353      17.1246     0.819624      1.69209   -0.0481387  9.71445e-16     -41.2273     -4.43834      18.3687     0.593577       1.7871   -0.0189089
     1.35437     0.636378    -0.331431     -1.51717     0.238237      2.49569      1.05554    0.0025104    -0.414822   0.00144439     0.195511  7.56878e-05 -0.000435815  0.000615808      0.34474     0.653491     0.343918     -2.79888     0.136955    -0.277711  -0.00140026    0.0402078     0.389282     0.574706    -0.177421    0.0408725    -0.890279     -40.3504     -4.44114      17.4023     0.819624       1.6985   -0.0673648 -9.71445e-17     -41.1709     -4.41042      18.4012     0.593788      1.78711   -0.0192497
     1.35443     0.632201    -0.331409     -1.51519     0.238234      2.49568      1.05554   0.00916264    -0.412915   0.00121078     0.195833  -0.00016132 -0.000502786  0.000173103     0.344692     0.653905     0.347846     -2.79282      0.13647    -0.279265  -0.00616281    0.0403953      0.38851      0.57281    -0.177676    0.0477203    -0.838705     -39.4696     -4.67124      17.5769     0.831526      1.75526   -0.0609561  9.57567e-16     -41.1143     -4.38249      18.4326     0.593978      1.78706   -0.0195863
     1.35448      0.62796    -0.331421     -1.51324     0.238231      2.49568      1.05554   0.00455056    -0.423776 -0.000961582      0.19537 -4.99933e-05  0.000105022  -0.00074979     0.344667     0.654273      0.35181     -2.78673     0.136052    -0.280849  -0.00258496    0.0357883     0.396749     0.583075    -0.181736    0.0418369    -0.814901      -39.668     -4.41733      17.3269     0.825117      1.73603   -0.0344058  1.04083e-15     -41.0552     -4.35463      18.4635     0.594157      1.78693   -0.0199239
     1.35453       0.6238    -0.331424     -1.51136     0.238233      2.49568      1.05554   0.00670816    -0.411788  0.000588701     0.178409  0.000547844 -0.000651685  0.000306856     0.344632     0.654608     0.355685     -2.78078     0.135658    -0.282369  -0.00542907    0.0314207     0.380078     0.556729    -0.169384    0.0405467    -0.941854     -40.3266     -4.36576      17.6999     0.813215      1.74885   -0.0545474            0      -40.996     -4.32719      18.4931     0.594301      1.78675   -0.0202528
      1.3546     0.619822    -0.331411     -1.50952     0.238231      2.49568      1.05554   0.00992038    -0.391695   0.00321379     0.185584 -8.77871e-05   2.9996e-05 -0.000582514     0.344573     0.654931     0.359417     -2.77504     0.135219    -0.283822  -0.00920455    0.0333487      0.36934     0.543691    -0.168126    0.0481923    -0.941854     -38.6405     -4.51652      17.2754     0.825117      1.75526   -0.0344058    2.498e-16     -40.9388     -4.30059      18.5209     0.594425      1.78651   -0.0205689
     1.35467     0.615791    -0.331414     -1.50766     0.238233      2.49568      1.05554   0.00797042    -0.396383 -0.000702471     0.181777  0.000207603  -0.00037756  0.000935003     0.344512     0.655233     0.363197     -2.76924     0.134799    -0.285296  -0.00645474    0.0286915      0.37155       0.5446    -0.168739    0.0406068    -0.866476     -39.2514     -4.39353      17.8744     0.813215      1.77998   -0.0737735  3.05311e-16     -40.8797     -4.27384      18.5484      0.59454      1.78621    -0.020888
     1.35475     0.611669    -0.331419     -1.50578     0.238231      2.49568      1.05554    0.0083211    -0.407657  0.000874348     0.183325 -0.000292288  0.000236455  0.000154653     0.344449     0.655516     0.367057     -2.76332     0.134372    -0.286798  -0.00805637    0.0272295     0.380567     0.557221    -0.172056    0.0432873    -0.965658     -40.0806     -4.34196      17.6523     0.825117      1.76716   -0.0481387  8.04912e-16     -40.8181     -4.24647      18.5757      0.59464      1.78584   -0.0212125
    1.35483    0.607637   -0.331396    -1.50392    0.238228     2.49568     1.05554   0.0103084   -0.393499  0.00156528    0.186195 -0.00091774 0.000157985 -0.00052752    0.344358     0.65579    0.370845    -2.75751     0.13391   -0.288244  -0.0101003    0.027203    0.372075     0.54543   -0.170698   0.0471033    -1.01723    -39.1522    -4.54429     17.7276     0.85533     1.76716    -0.04173 1.36002e-15    -40.7571    -4.21924      18.602    0.594711     1.78542  -0.0215305
     1.35491      0.60359    -0.331381     -1.50209     0.238229      2.49567      1.05554   0.00801458    -0.401386   0.00163388     0.180226 -0.000251257  -0.00135932   0.00081769     0.344265     0.656035     0.374632     -2.75172     0.133468    -0.289672  -0.00926265    0.0228794     0.374876      0.54733    -0.167855    0.0420489    -0.941854     -39.2514     -4.39353       17.799     0.843428      1.82484   -0.0673648  4.16334e-16     -40.6946     -4.19202      18.6276      0.59476      1.78494   -0.0218469
       1.355     0.599555     -0.33138     -1.50029     0.238231      2.49567      1.05554   0.00890696    -0.398053   0.00138535     0.180284 -0.000495677 -0.000198221  -0.00105519     0.344174     0.656251     0.378399     -2.74596     0.133042    -0.291098   -0.0101342    0.0213699     0.372963     0.544502    -0.168898    0.0443467     -1.01723     -40.0568     -4.31815       17.799     0.831526      1.81843   -0.0279971  8.88178e-16     -40.6311     -4.16505      18.6524     0.594794       1.7844   -0.0221603
     1.35511     0.595723    -0.331356     -1.49856     0.238232      2.49565      1.05554    0.0118091    -0.372268   0.00412788     0.174929  -0.00012812 -7.05706e-05  0.000465079     0.344057     0.656455     0.381986     -2.74049     0.132592    -0.292418   -0.0136472    0.0214682     0.351854     0.515618    -0.158714    0.0467985     -1.06881     -39.1046     -4.51652       17.926     0.819624      1.89991   -0.0545474  1.30451e-15     -40.5702     -4.13906      18.6754     0.594804      1.78384   -0.0224578
    1.35522    0.591957   -0.331344    -1.49685    0.238234     2.49565     1.05554  0.00645123   -0.378741  0.00355692    0.168295 0.000302261  0.00027185 0.000602046    0.343938     0.65664    0.385518    -2.73509    0.132154   -0.293731  -0.0103244   0.0161436    0.353539    0.516643   -0.157216   0.0392597    -1.04104    -38.3707    -4.29038     17.5491    0.801313     1.87519  -0.0673648 1.94289e-16    -40.5093    -4.11362     18.6975    0.594804     1.78323  -0.0227504
     1.35533     0.588079    -0.331328     -1.49517     0.238234      2.49565      1.05554    0.0118151    -0.383783   0.00105063     0.168046  0.000107942 -2.93271e-06 -0.000441811      0.34381     0.656798      0.38912      -2.7296     0.131708    -0.295045   -0.0130623     0.015182      0.35747     0.520493    -0.159973    0.0433643     -1.01723     -39.3744     -4.31815      17.8744     0.801313      1.87519     -0.04173 -1.38778e-16     -40.4455     -4.08744      18.7194     0.594775      1.78255   -0.0230471
     1.35546     0.584184    -0.331306     -1.49354     0.238235      2.49564      1.05554    0.0116683    -0.392658  0.000613158     0.162632  0.000192683 -0.000519877   0.00132082     0.343664     0.656935      0.39271     -2.72414     0.131268     -0.29632   -0.0133006    0.0116724      0.36131     0.524432    -0.158609    0.0400961     -1.06881     -39.3228     -4.41733       17.926      0.79582       1.8871   -0.0865909  8.04912e-16     -40.3802      -4.0611      18.7407     0.594716      1.78183   -0.0233417
    1.35558    0.580343   -0.331279    -1.49195    0.238236     2.49565     1.05553    0.012007    -0.38407  0.00587954    0.153983 0.000543823 0.000332793 -0.00139115    0.343513     0.65705    0.396242    -2.71877     0.13082   -0.297563  -0.0164997    0.010464    0.350593    0.509433   -0.151197   0.0453769   -0.965658    -38.5175    -4.39353     17.6761    0.783918      1.8816  -0.0151797 5.27356e-16     -40.315    -4.03505      18.761    0.594634     1.78107  -0.0236304
     1.35571     0.576463    -0.331274     -1.49041     0.238234      2.49564      1.05554   0.00832305    -0.391445   0.00034449     0.151651  0.000104377  1.82957e-05  -1.3585e-05     0.343365     0.657134     0.399785     -2.71341     0.130415    -0.298808   -0.0117538   0.00500716     0.355414     0.513805    -0.154307    0.0354616    -0.993429     -38.9817       -4.215      18.1006     0.801313       1.8871   -0.0545474 -3.60822e-16     -40.2478     -4.00905      18.7808     0.594543      1.78026   -0.0239185
     1.35585     0.572621    -0.331252     -1.48886     0.238233      2.49564      1.05554    0.0133034    -0.382406   0.00247263     0.154867  0.000204206  -0.00211153 -0.000115541     0.343205     0.657207       0.4033     -2.70808     0.129989    -0.300027   -0.0164947   0.00668653     0.350201     0.506276     -0.15155    0.0427619     -1.12038     -39.3506     -4.31815      17.9022     0.807722       1.8871     -0.04173  6.66134e-16     -40.1806     -3.98302         18.8      0.59443       1.7794   -0.0242039
     1.35598     0.568971     -0.33123     -1.48736     0.238236      2.49564      1.05554    0.0122669    -0.362454   0.00339963      0.15185   0.00071118 -0.000167518  0.000982322     0.343039     0.657271     0.406658     -2.70299     0.129567    -0.301186   -0.0162862   0.00594239     0.334707     0.486382    -0.145714    0.0405573     -1.09261     -38.0771     -4.24277      17.6999     0.783918       1.8871   -0.0673648 -1.11022e-16     -40.1161     -3.95819      18.8178     0.594312      1.77853    -0.024476
     1.35614      0.56537    -0.331219     -1.48587     0.238236      2.49564      1.05554    0.0141741    -0.362587   0.00147225     0.145013  0.000253273  0.000176467 -0.000328515     0.342867     0.657323     0.409975     -2.69796     0.129128     -0.30234   -0.0168736   0.00332565     0.331751     0.480131    -0.144622     0.040856     -1.06881     -38.1009     -4.13962      17.8268     0.783918      1.87519     -0.04173  1.11022e-16     -40.0516     -3.93381      18.8348     0.594194      1.77763   -0.0247439
      1.3563     0.561645    -0.331209     -1.48438     0.238235      2.49564      1.05554    0.0179092    -0.370996  0.000468644     0.151281 -6.57297e-05 -0.000234597 -0.000624254     0.342685     0.657353     0.413387     -2.69279     0.128691    -0.303509   -0.0193926   0.00315542     0.341066     0.493094    -0.150028    0.0450966     -1.06881     -39.0332     -4.13962      17.8744     0.789412       1.8871   -0.0279971  1.33227e-15      -39.984     -3.90862      18.8519     0.594051      1.77666   -0.0250181
     1.35647     0.557931    -0.331197     -1.48293     0.238236      2.49564      1.05554    0.0181621    -0.366401  0.000815366     0.144853  7.98455e-05 -0.000632535 -0.000655223      0.34249     0.657366      0.41677     -2.68768     0.128251    -0.304645   -0.0200042    0.0010066     0.334569     0.482822    -0.145537    0.0443632     -1.01723     -38.8111      -4.1912      18.2751     0.783918      1.91914   -0.0279971  7.77156e-16     -39.9156     -3.88349      18.8683     0.593886      1.77565   -0.0252891
     1.35663     0.554318    -0.331203     -1.48149     0.238236      2.49564      1.05554    0.0138208     -0.35996  -0.00046534     0.140866 -0.000218589  4.10891e-05 -0.000287366     0.342309      0.65736     0.420075     -2.68269     0.127848    -0.305777   -0.0166849  -0.00246513     0.328263     0.473431    -0.143418    0.0378794    -0.838705     -38.3707     -4.04044      17.9736     0.783918      1.90632     -0.04173            0     -39.8483      -3.8592      18.8837     0.593728      1.77462   -0.0255532
     1.35679     0.550689     -0.33121     -1.48005     0.238237      2.49564      1.05554    0.0184068    -0.362234 -0.000420773     0.143772   -0.0002049   0.00021991   -8.862e-05     0.342126     0.657337     0.423394     -2.67767     0.127444    -0.306912   -0.0201472  -0.00210946     0.331447     0.478378    -0.145267    0.0426658    -0.866476     -38.5413     -3.94126      17.9498     0.772017       1.8935   -0.0481387  5.55112e-16       -39.78     -3.83478      18.8988     0.593555      1.77355   -0.0258175
     1.35694     0.547085    -0.331214     -1.47864     0.238237      2.49564      1.05553    0.0150261    -0.360612 -0.000295118     0.136495 -9.70146e-05 -0.000583152  -0.00113366     0.341945     0.657295     0.426683      -2.6727     0.127055     -0.30803   -0.0182724  -0.00580893     0.326573     0.469658    -0.141341    0.0389249    -0.890279      -38.934     -3.88969      18.2989     0.778425      1.90632   -0.0215884  5.55112e-17     -39.7113     -3.81047      18.9133     0.593369      1.77244   -0.0260786
      1.3571     0.543652     -0.33121     -1.47724     0.238239      2.49564      1.05554    0.0180786    -0.339153 -0.000418948     0.140449  0.000457198  0.000175363   0.00101563     0.341758     0.657255     0.429843     -2.66792     0.126664      -0.3091   -0.0201284  -0.00354096       0.3134      0.45351    -0.137821    0.0402624    -0.866476     -38.1763     -3.94126       18.049     0.760115       1.8935   -0.0737735  1.11022e-15     -39.6454     -3.78713      18.9268     0.593182      1.77132   -0.0263295
     1.35725     0.540327    -0.331217     -1.47577     0.238235      2.49564      1.05554    0.0125613    -0.338989 -0.000985371     0.141564 -0.000213132  0.000308351  -0.00073647     0.341575     0.657219     0.432962     -2.66318     0.126244    -0.310201   -0.0165466  -0.00674566     0.313984     0.453617    -0.139939    0.0361104    -0.763326     -37.6645     -3.83811      18.0014     0.789412       1.8816   -0.0279971  4.71845e-16     -39.5812     -3.76448      18.9396     0.593021      1.77018   -0.0265767
      1.3574     0.536942    -0.331226     -1.47428     0.238235      2.49564      1.05554    0.0159706    -0.335915 -0.000882731     0.142805  -5.3836e-05  0.000242196 -3.88346e-05     0.341393     0.657165     0.436138     -2.65836     0.125845    -0.311318   -0.0191231  -0.00643911     0.312455     0.451892    -0.139376    0.0390099    -0.763326     -38.4699     -3.71513      18.1244     0.789412       1.8816   -0.0481387 -8.32667e-17     -39.5151     -3.74142      18.9522     0.592845      1.76898    -0.026828
     1.35755     0.533511    -0.331214     -1.47279     0.238233      2.49564      1.05554    0.0204689    -0.338312   0.00185099     0.146461   0.00015694 -0.000626936 -0.000393117     0.341193     0.657098     0.439343     -2.65349     0.125422    -0.312416   -0.0239447  -0.00524784     0.315692     0.456998    -0.139769    0.0465962    -0.763326     -38.5929     -3.88969      18.2989     0.807722      1.90632   -0.0344058  3.33067e-16     -39.4475     -3.71778      18.9646      0.59264      1.76773   -0.0270807
     1.35774     0.530115    -0.331216     -1.47135     0.238235      2.49564      1.05554    0.0183402     -0.33789  0.000189347     0.145547  0.000889209 -0.000167308  0.000353481     0.340969     0.657025       0.4425      -2.6487     0.124973     -0.31348   -0.0219837  -0.00791091     0.315196     0.456551    -0.139428     0.041792    -0.791097     -37.8827     -3.86588      17.8268      0.79582       1.8816   -0.0545474  3.33067e-16     -39.3797     -3.69457      18.9762     0.592423      1.76645   -0.0273289
     1.35794     0.526752     -0.33123     -1.46992     0.238237      2.49564      1.05554    0.0195884    -0.336699 -0.000612853     0.144534   0.00099157  -9.3789e-05 -0.000462665     0.340745     0.656939      0.44563     -2.64396     0.124525    -0.314542   -0.0226735  -0.00910413     0.313957      0.45435    -0.139399    0.0427101    -0.612569     -38.1009     -3.66355      18.1759     0.778425       1.8816   -0.0279971  1.11022e-16     -39.3118      -3.6717      18.9874     0.592205      1.76515    -0.027574
     1.35814     0.523388    -0.331228     -1.46845     0.238236      2.49564      1.05554    0.0211389    -0.336126  0.000860293     0.148442  0.000503201 -0.000572552  -0.00010778     0.340509     0.656848      0.44878     -2.63918     0.124061    -0.315601   -0.0248383  -0.00891748     0.315366     0.456783    -0.140353    0.0459454    -0.636373     -38.2001     -3.68735      18.1759     0.783918       1.8935   -0.0545474  2.77556e-16     -39.2435     -3.64856      18.9982     0.591976       1.7638   -0.0278203
     1.35836     0.520059    -0.331226     -1.46697     0.238233      2.49564      1.05554    0.0236401    -0.328062  5.05311e-05     0.142726 -0.000578665 -0.000395227  -0.00070013     0.340259     0.656756     0.451908     -2.63442      0.12356    -0.316655   -0.0260985  -0.00954945     0.306831     0.443347    -0.137521    0.0475909    -0.814901     -38.2239     -3.71513      17.9498     0.807722       1.8871   -0.0279971  1.30451e-15     -39.1752      -3.6256      19.0084     0.591743      1.76242   -0.0280645
     1.35862      0.51689    -0.331234     -1.46547     0.238233      2.49564      1.05554      0.02587    -0.315042 -0.000721305     0.153055 -0.000408284  9.17705e-05  0.000905479     0.339992      0.65668     0.454934     -2.62981     0.123027    -0.317685   -0.0272998  -0.00727788     0.302976     0.440373    -0.139433    0.0492131    -0.664144     -37.2479     -3.63975      17.7276     0.813215      1.87519   -0.0737735   -2.498e-16     -39.1098     -3.60372      19.0179     0.591529      1.76104   -0.0283005
     1.35887     0.513794    -0.331249     -1.46389     0.238235      2.49564      1.05554    0.0267046    -0.310956  -0.00170957     0.158395  0.000455432  0.000100369 -0.000278288     0.339722     0.656612      0.45795     -2.62519     0.122461    -0.318738   -0.0276341  -0.00731533     0.302919     0.441062    -0.141419    0.0505973    -0.513387     -37.2718     -3.43742      18.0014     0.789412      1.87519   -0.0481387    2.498e-16     -39.0455     -3.58226      19.0269     0.591331      1.75962   -0.0285355
    1.35912     0.51063    -0.33125     -1.4622    0.238237     2.49564     1.05554   0.0251535   -0.316539 -0.00160098    0.166175 7.93376e-05 0.000609753 0.000937619    0.339448    0.656537    0.461073    -2.62039    0.121884   -0.319845   -0.027275  -0.0087553    0.310976    0.453814   -0.146225   0.0493053   -0.588766    -37.8827    -3.46122     17.8744    0.778425     1.85597  -0.0673648  -2.498e-16    -38.9794    -3.56005     19.0359    0.591123      1.7581  -0.0287791
     1.35937     0.507407    -0.331243     -1.46052     0.238237      2.49564      1.05554    0.0252947    -0.320834  0.000803413     0.165128  0.000285197 -6.93777e-05  0.000573128     0.339158     0.656444     0.464228     -2.61555     0.121294    -0.320936   -0.0290504   -0.0101209     0.313221     0.456823    -0.145075    0.0515072    -0.763326     -37.8589      -3.5604      18.1997     0.778425      1.86879   -0.0737735  8.32667e-16     -38.9114     -3.53737      19.0444      0.59089      1.75653   -0.0290241
     1.35965     0.504233    -0.331245     -1.45882     0.238239      2.49564      1.05554    0.0271971    -0.319737 -0.000561143     0.171334  0.000424616  0.000272707 -0.000635854     0.338857     0.656351     0.467362     -2.61074     0.120677    -0.322029   -0.0300183   -0.0102687     0.315823     0.461055    -0.149053    0.0539955    -0.636373     -37.2956      -3.5366      17.5491     0.760115      1.86238     -0.04173 -6.38378e-16     -38.8437     -3.51505      19.0525     0.590659      1.75493   -0.0292671
      1.3599     0.501093    -0.331258     -1.45714     0.238239      2.49564      1.05554     0.020725    -0.313438  -0.00105519     0.165281  0.000221672 -0.000177025  0.000610981     0.338574     0.656238     0.470467     -2.60597     0.120109    -0.323123   -0.0255599   -0.0139338     0.308241     0.449466    -0.144366    0.0450411    -0.461813     -37.6645     -3.36204      18.1997     0.754622      1.86879   -0.0737735 -1.38778e-16     -38.7762     -3.49306        19.06     0.590427      1.75331   -0.0295068
     1.36014     0.497955    -0.331262      -1.4554     0.238241      2.49564      1.05554    0.0184409    -0.313483  0.000486676     0.170639   0.00100397 -0.000378529 -7.88589e-05     0.338291     0.656114     0.473593     -2.60116     0.119538    -0.324233   -0.0252989   -0.0149565     0.310877     0.454368    -0.145778     0.045119    -0.537191     -37.5177     -3.33427      18.1521     0.736311      1.87519   -0.0609561  4.16334e-16     -38.7081     -3.47093      19.0672     0.590186      1.75163    -0.029748
    1.36037    0.494809    -0.33125    -1.45364    0.238239     2.49564     1.05554     0.02544   -0.317697  0.00109379    0.172631 0.000149438  0.00059446 0.000919914    0.337998    0.655982     0.47674    -2.59631    0.118951   -0.325343  -0.0306817  -0.0141079    0.314995    0.460923   -0.148034   0.0522005   -0.739523    -37.7359    -3.51279     18.0252    0.760115     1.84956  -0.0673648           0    -38.6394    -3.44849     19.0739    0.589933     1.74989  -0.0299902
     1.36062     0.491799    -0.331247     -1.45184     0.238237      2.49564      1.05553    0.0285245    -0.299009 -0.000896736     0.180125 -0.000320864    0.0004372  -0.00137452     0.337701     0.655863     0.479809     -2.59156     0.118334    -0.326451   -0.0316322   -0.0113944     0.305729     0.448006    -0.150003    0.0566228    -0.715719     -37.2241     -3.51279      17.8506     0.772017      1.85597   -0.0215884  8.32667e-16     -38.5731     -3.42697        19.08       0.5897      1.74816   -0.0302261
     1.36087     0.488926    -0.331268     -1.44992     0.238238      2.49564      1.05554    0.0251051    -0.288042  -0.00142776     0.191102 -0.000337932  -0.00025445  0.000473589     0.337415     0.655757     0.482844     -2.58684     0.117721    -0.327606    -0.029394    -0.011102     0.303566     0.446628    -0.151905    0.0527739    -0.434042     -36.5378     -3.25889      17.9498     0.766523      1.86238   -0.0609561            0     -38.5095     -3.40643      19.0855     0.589508      1.74639   -0.0304596
     1.36109     0.486012    -0.331271     -1.44795      0.23824      2.49564      1.05554     0.022064    -0.289972 -0.000340726     0.201663  0.000286461 -2.46356e-05  -0.00101967     0.337128     0.655635     0.485931     -2.58203     0.117105    -0.328775   -0.0286093   -0.0121838     0.310351     0.457896    -0.157204    0.0531536    -0.513387     -37.3709     -3.21128      18.1006     0.748213      1.86238   -0.0279971  1.11022e-15     -38.4444     -3.38536      19.0907     0.589294      1.74455   -0.0306963
     1.36132     0.483052    -0.331257     -1.44593     0.238241      2.49564      1.05554    0.0179488    -0.295952  0.000423782     0.200765  0.000159544 -3.52539e-05  0.000812484     0.336822     0.655507      0.48908     -2.57712     0.116464    -0.329954   -0.0268272   -0.0157588     0.314104     0.463459    -0.156834    0.0479311    -0.739523     -37.1964     -3.40964      18.1006      0.74272      1.86238   -0.0801822  6.38378e-16     -38.3779     -3.36373      19.0955     0.589062      1.74263   -0.0309378
    1.36158    0.480053    -0.33125    -1.44393    0.238244     2.49564     1.05553   0.0312098   -0.298995 0.000265826    0.199517 0.000292305 0.000466461 -0.00140096    0.336498    0.655362    0.492244    -2.57219    0.115796   -0.331121  -0.0358456  -0.0133548    0.315726    0.465278   -0.158189   0.0624391   -0.612569    -37.4185    -3.46122      18.049    0.712507     1.85597  -0.0215884 8.32667e-17    -38.3097    -3.34194     19.0999    0.588809     1.74066  -0.0311791
    1.36185    0.477148    -0.33127    -1.44188    0.238246     2.49564     1.05554    0.026173   -0.290202 -0.00205798    0.206127 0.000269513 0.000168198 0.000213118    0.336181    0.655219    0.495369    -2.56731    0.115141   -0.332309   -0.031613   -0.014989     0.31308    0.462352   -0.159579   0.0548604   -0.434042    -36.8076    -3.21128     17.8506    0.700605     1.85597  -0.0609561 8.88178e-16     -38.243    -3.32097     19.1037    0.588583     1.73867  -0.0314168
     1.36208     0.474249    -0.331278     -1.43982      0.23825      2.49564      1.05554    0.0253318    -0.295083 -0.000886183     0.207322  0.000392072 -3.97121e-05  0.000147524     0.335875     0.655057       0.4985     -2.56242     0.114511    -0.333505   -0.0322213   -0.0170012     0.317052     0.468161    -0.160434    0.0550975    -0.410238     -36.9068     -3.10813      18.0768     0.688704      1.86238   -0.0609561  2.77556e-16     -38.1759     -3.29988      19.1071     0.588342      1.73663   -0.0316543
     1.36231     0.471301    -0.331274      -1.4377     0.238251      2.49564      1.05554    0.0243021    -0.292946   0.00059262     0.221305  0.000329633  0.000189375 -2.53792e-05     0.335559     0.654881     0.501688     -2.55744     0.113866    -0.334716   -0.0329985   -0.0165251     0.322693     0.478441    -0.166278    0.0574165    -0.588766     -36.9782     -3.18351      17.9736     0.677717      1.85597   -0.0609561  8.32667e-17     -38.1071     -3.27827        19.11     0.588082      1.73451   -0.0318957
     1.36256     0.468369    -0.331262     -1.43555     0.238248      2.49564      1.05554    0.0238421    -0.287071   0.00103115     0.211788 -7.44529e-06 -0.000172176  9.33417e-05     0.335224     0.654704     0.504887     -2.55242     0.113182    -0.335932   -0.0328111   -0.0180367     0.313515     0.464083    -0.160297    0.0557975    -0.560995     -37.2956     -3.33427      18.0768      0.68321      1.86238   -0.0609561 -2.77556e-17     -38.0381     -3.25662      19.1125     0.587821      1.73234   -0.0321372
     1.36279     0.465571    -0.331278      -1.4334     0.238247      2.49564      1.05554    0.0239707    -0.275413   -0.0032663     0.213816 -0.000624259  0.000115145  0.000713344     0.334911     0.654524     0.507987     -2.54756     0.112541    -0.337145   -0.0307061   -0.0183882     0.306713     0.454143    -0.161063    0.0518712    -0.386434     -36.6846     -3.10813      17.9022     0.695112      1.84956   -0.0801822  1.94289e-16     -37.9715     -3.23613      19.1143     0.587582      1.73019   -0.0323705
       1.363       0.4629    -0.331292      -1.4312     0.238251      2.49564      1.05554    0.0150291    -0.266599 -0.000699849     0.221539 -0.000253441 -0.000184111 -0.000807685     0.334617     0.654347     0.511024     -2.54277     0.111915     -0.33837   -0.0264405   -0.0196948     0.304221     0.451989    -0.162148    0.0473223    -0.311056      -35.903     -2.95737       17.926     0.688704      1.85597   -0.0344058  9.99201e-16     -37.9075     -3.21637      19.1156     0.587358      1.72803   -0.0325989
     1.36319     0.460196     -0.33129     -1.42896      0.23825      2.49564      1.05554    0.0207108    -0.268225  0.000345071     0.226323  0.000275563 -0.000557079  0.000338868     0.334313     0.654158     0.514109      -2.5379     0.111282    -0.339609   -0.0312723   -0.0186799     0.307732     0.458085     -0.16308    0.0534076    -0.513387      -36.637     -3.03275      18.3505     0.671309      1.86879   -0.0673648 -4.16334e-16     -37.8423     -3.19615      19.1165      0.58712       1.7258   -0.0328305
     1.3634    0.457436   -0.331271    -1.42664    0.238255     2.49564     1.05554   0.0232718   -0.273833  0.00110836    0.231933 0.000325275 -8.4788e-06  0.00102933    0.333989    0.653958    0.517269     -2.5329    0.110618   -0.340857  -0.0340924  -0.0194759    0.314643    0.469181   -0.166478   0.0566648   -0.636373    -36.6846    -3.25889     17.8744    0.659407     1.84956  -0.0801822 8.32667e-17    -37.7751    -3.17532     19.1169    0.586855     1.72346  -0.0330671
      1.3636     0.454664    -0.331269      -1.4243     0.238253      2.49564      1.05554    0.0162532     -0.27882 -0.000568658     0.233956 -0.000205269 -0.000668799  0.000120621     0.333667      0.65374     0.520451     -2.52788     0.109954    -0.342133   -0.0293183   -0.0244734     0.319284     0.474616    -0.169756    0.0491772    -0.560995     -36.8314     -3.25889      18.5251     0.665815       1.8816   -0.0545474  3.05311e-16      -37.707     -3.15454      19.1169     0.586593      1.72107   -0.0333041
     1.36377     0.451994     -0.33129     -1.42192     0.238256      2.49564      1.05554    0.0174397    -0.268461  -0.00132012     0.233866  0.000501079 -0.000996816  9.13359e-05      0.33338     0.653511     0.523582     -2.52292     0.109358    -0.343442   -0.0296942   -0.0238084     0.311916     0.464412    -0.167173    0.0493511    -0.410238     -36.0498     -2.98514      18.0014     0.642012      1.84956   -0.0609561    4.996e-16     -37.6406     -3.13461      19.1162      0.58635      1.71866   -0.0335369
     1.36391     0.449358    -0.331289     -1.41959     0.238256      2.49564      1.05554    0.0135968    -0.260199  0.000262004     0.227341  0.000155438   0.00279081  0.000762066     0.333098     0.653268     0.526666     -2.51803     0.108784    -0.344717   -0.0276852   -0.0249433     0.303037     0.454008    -0.163643    0.0450633    -0.560995     -36.2204     -3.00895      18.2751     0.647505      1.85597   -0.0801822 -1.11022e-16     -37.5746     -3.11471      19.1152      0.58609      1.71625   -0.0337655
    1.36404    0.446671    -0.33128    -1.41732    0.238252     2.49564     1.05554   0.0163908   -0.266229   0.0013925    0.224174 0.000146469 0.000256357 -0.00091711    0.332815    0.652995    0.529746    -2.51316    0.108227   -0.345967  -0.0306314  -0.0265115    0.305201    0.454694   -0.162464   0.0498057   -0.664144    -36.2918     -3.1359     18.1759    0.653914     1.84956    -0.04173 5.55112e-17    -37.5068     -3.0945     19.1137    0.585801     1.71381  -0.0339924
     1.36417     0.444013    -0.331276     -1.41502     0.238255      2.49564      1.05554    0.0129412    -0.268392 -0.000357508     0.225887  0.000223945 -0.000274406  0.000149359      0.33253     0.652716     0.532829     -2.50828     0.107678    -0.347222   -0.0280227   -0.0297977     0.307674     0.458025    -0.163554    0.0440271    -0.537191     -36.3434      -3.1359       18.049     0.653914      1.84956   -0.0609561  7.77156e-16      -37.439     -3.07448      19.1117     0.585506      1.71132   -0.0342191
     1.36428     0.441374    -0.331294     -1.41276     0.238255      2.49564      1.05554    0.0134352    -0.260068  -0.00247595     0.220886  9.56497e-05 -8.11366e-05  -0.00143286     0.332271     0.652409     0.535874     -2.50346     0.107183    -0.348487   -0.0270845   -0.0303158     0.299346     0.445031     -0.16145    0.0429946    -0.485616     -36.6846     -2.93357      18.1006     0.659407      1.84315   -0.0344058  5.55112e-17      -37.371     -3.05484      19.1093     0.585212      1.70883   -0.0344417
     1.36437     0.438881    -0.331295     -1.41049     0.238254      2.49564      1.05554    0.0120882    -0.243409  0.000612278     0.231729  -0.00021217 -0.000503011  0.000274681     0.332017     0.652118     0.538824     -2.49878     0.106692    -0.349728   -0.0278555   -0.0269712     0.292907     0.438333    -0.161081    0.0445559    -0.537191     -35.3397     -2.90977      17.9022     0.665815      1.84956   -0.0609561  7.21645e-16     -37.3064     -3.03596      19.1065     0.584933      1.70636   -0.0346573
     1.36446     0.436387    -0.331292     -1.40822     0.238255      2.49564      1.05554    0.0131075    -0.250602  0.000334866     0.223997  0.000127946  -0.00031524 -0.000537136     0.331758     0.651816      0.54177      -2.4941     0.106195     -0.35096   -0.0287013   -0.0300009     0.293963     0.438763    -0.159257    0.0446216    -0.687948     -35.3913     -2.95737       18.049     0.659407      1.84956   -0.0481387  2.77556e-16     -37.2411     -3.01704      19.1033     0.584639      1.70386   -0.0348719
     1.36456     0.433849    -0.331289     -1.40596     0.238254      2.49564      1.05554    0.0113227    -0.251792 -0.000402224     0.222765 -0.000307007  0.000435691 -0.000702386      0.33149     0.651492     0.544743     -2.48938     0.105701     -0.35219   -0.0274876   -0.0323802      0.29428     0.439165    -0.160102    0.0419946    -0.739523     -36.2442     -3.00895      17.8744     0.665815      1.82484     -0.04173  5.55112e-16     -37.1742     -2.99783      19.0996     0.584325       1.7013   -0.0350874
     1.36465       0.4313     -0.33128     -1.40375     0.238253      2.49564      1.05554    0.0113509    -0.257462 -7.12666e-05     0.223412 -0.000216353 -3.27804e-05  0.000948469      0.33122     0.651151     0.547695      -2.4847     0.105228    -0.353389   -0.0282959   -0.0346804     0.298479     0.445409    -0.160205    0.0409863    -0.687948     -35.8554     -3.08433      18.2751     0.671309      1.83674   -0.0865909  2.77556e-16     -37.1065     -2.97857      19.0956     0.583991      1.69873   -0.0353005
     1.36473     0.428727    -0.331285     -1.40156     0.238254      2.49564      1.05554   0.00613106    -0.252898 -0.000305286     0.215482 -5.38884e-05  0.000369428 -0.000928175      0.33096     0.650784     0.550659     -2.48001     0.104774    -0.354604   -0.0245577   -0.0373056     0.291126     0.433959    -0.156733    0.0356811    -0.588766     -36.2204     -3.00895      18.2513     0.665815      1.83033   -0.0344058  7.77156e-16     -37.0376      -2.9593      19.0911     0.583645      1.69611   -0.0355134
     1.36481     0.426201    -0.331287     -1.39937     0.238256      2.49564      1.05554    0.0107047     -0.24814  0.000562494     0.217845  0.000448561 -0.000445942   0.00149347     0.330702     0.650412     0.553582     -2.47537     0.104345    -0.355798    -0.028206   -0.0356015     0.288772     0.431655    -0.154338    0.0393052    -0.664144     -35.7086     -2.98514      18.0014     0.647505      1.84956   -0.0865909  4.44089e-16     -36.9694     -2.94031      19.0862     0.583294      1.69349   -0.0357229
     1.36487      0.42372    -0.331285     -1.39717     0.238252      2.49564      1.05554   0.00812237    -0.246005   0.00105937     0.214845 -0.000299034 -0.000366093  0.000380634     0.330448     0.650036     0.556481     -2.47077     0.103909    -0.357001    -0.026868    -0.037239     0.285608      0.42639    -0.153604    0.0376322    -0.664144     -35.3635     -3.00895      18.3505     0.671309      1.84315   -0.0737735  3.33067e-16     -36.9018     -2.92157       19.081      0.58295      1.69085   -0.0359297
     1.36492     0.421231    -0.331291       -1.395     0.238256      2.49564      1.05554   0.00169048    -0.247372  0.000172928     0.218459  0.000302174 -0.000194164  0.000269694     0.330204     0.649638     0.559374     -2.46618      0.10351      -0.3582   -0.0227881   -0.0408838     0.288489     0.431188    -0.155692    0.0306496    -0.537191     -36.1728     -2.93357       18.049     0.647505      1.83674   -0.0673648  3.33067e-16     -36.8335     -2.90286      19.0754     0.582586      1.68818   -0.0361357
     1.36493       0.4188    -0.331294     -1.39285     0.238255      2.49564      1.05554 -0.000623734    -0.242761 -0.000797197     0.217023 -9.10499e-05 -0.000126077  0.000833582     0.329983     0.649228     0.562211     -2.46167      0.10316    -0.359394   -0.0208371    -0.042145     0.284507     0.425358    -0.154537    0.0267553    -0.485616     -35.7562       -2.882      18.1997     0.659407      1.83033   -0.0865909  8.32667e-16     -36.7663     -2.88455      19.0694     0.582228      1.68552   -0.0363367
     1.36493     0.416387    -0.331309     -1.39079     0.238254      2.49564      1.05554 -4.21854e-05    -0.241813  -0.00234419     0.204008  -0.00063917  0.000189429  -0.00038322     0.329778     0.648798     0.564989     -2.45727     0.102851    -0.360565   -0.0200747   -0.0440398       0.2771     0.412678    -0.150063    0.0250598    -0.461813     -35.6571     -2.70743      18.1006     0.665815      1.81202   -0.0545474 -5.55112e-17      -36.699     -2.86656      19.0633     0.581861       1.6829   -0.0365326
     1.36494     0.414035     -0.33131     -1.38874     0.238255      2.49564      1.05554  0.000940493    -0.228021 -0.000300726     0.203363 -0.000230372  0.000370379 -0.000151439     0.329566     0.648375     0.567716     -2.45294     0.102535    -0.361703   -0.0213328   -0.0410885     0.266867       0.3992    -0.145799    0.0274021    -0.485616     -35.5341     -2.70743      17.9498     0.653914      1.81202   -0.0609561  6.66134e-16     -36.6331     -2.84886      19.0569      0.58149      1.68028   -0.0367244
    1.36493    0.411799    -0.33131     -1.3867    0.238255     2.49564     1.05554 -0.00135568   -0.222576 -0.00112361    0.209472 -0.00046506 0.000154345 0.000220901    0.329362    0.647965    0.570354    -2.44874    0.102224   -0.362825  -0.0197584  -0.0415072    0.266213    0.398877   -0.147892   0.0248009   -0.386434    -34.6573    -2.70743      17.926    0.659407     1.81843  -0.0737735 7.21645e-16    -36.5698    -2.83191     19.0502    0.581138     1.67771  -0.0369096
     1.36492     0.409572    -0.331334     -1.38459     0.238256      2.49564      1.05554    -0.002165    -0.224166  -0.00185238      0.21227 -8.79976e-05  8.46494e-06  0.000447943     0.329168     0.647542     0.573024     -2.44448     0.101926    -0.363998   -0.0193797   -0.0432392     0.268759     0.402908    -0.149394     0.023316    -0.259481     -35.1215     -2.45353       17.926     0.647505      1.81202   -0.0737735  2.77556e-16     -36.5062     -2.81516      19.0431     0.580794      1.67508   -0.0370966
     1.36492     0.407331    -0.331335     -1.38253     0.238256      2.49564      1.05554   0.00132657    -0.219816 -0.000189335      0.20248 -0.000137232 -7.16771e-05 -0.000631767     0.328951     0.647115      0.57568     -2.44024     0.101594    -0.365127   -0.0220445   -0.0420887     0.260355     0.389908    -0.143811     0.027751    -0.311056     -35.4151     -2.53287       18.049     0.647505      1.81202     -0.04173  1.66533e-16     -36.4419     -2.79816      19.0357     0.580427      1.67243   -0.0372818
     1.36491     0.405022    -0.331335      -1.3805     0.238257      2.49564      1.05554 -0.000549462    -0.229307 -0.000652928     0.204071 -2.06872e-05 -0.000187327  0.000534063     0.328735     0.646657     0.578362     -2.43598     0.101298    -0.366244   -0.0214382   -0.0460507      0.26777     0.400819    -0.145899    0.0246369     -0.23171     -35.0461     -2.53287       18.049     0.635603      1.81843   -0.0673648    4.996e-16     -36.3754     -2.78076       19.028     0.580029      1.66973   -0.0374679
      1.3649     0.402686    -0.331345     -1.37856     0.238261      2.49564      1.05554 -0.000227688    -0.228956 -0.000394854     0.191718  0.000819495  0.000129968  0.000125856     0.328528     0.646173     0.581016     -2.43177     0.101039    -0.367336   -0.0213741   -0.0473515     0.260962     0.390376    -0.139491    0.0235901    -0.156332     -35.4865     -2.42972      18.2235     0.599897      1.80561   -0.0737735  1.11022e-16     -36.3077     -2.76339        19.02     0.579609      1.66704   -0.0376512
     1.36488     0.400445     -0.33137     -1.37667     0.238263      2.49564      1.05554 -0.000452393    -0.223075 -0.000639504     0.186934  0.000307264 -0.000207273  0.000153054      0.32834     0.645693      0.58358      -2.4277      0.10081    -0.368417    -0.020823   -0.0472161     0.254211     0.379914    -0.136357    0.0225199    0.0182289     -34.9747     -2.27897      18.3267     0.582502      1.81843   -0.0609561            0     -36.2422     -2.74681       19.012      0.57921      1.66441   -0.0378276
    1.36484    0.398247   -0.331422    -1.37477    0.238263     2.49564     1.05554 -0.00432702   -0.220219 -0.00436701     0.18735  0.00013004 0.000373457 0.000505192    0.328176    0.645201    0.586118    -2.42366    0.100626   -0.369528  -0.0165832  -0.0497375    0.252688    0.377664   -0.137699   0.0148551     0.22056    -34.6057    -2.17979      18.049    0.587996      1.7928  -0.0737735 7.77156e-16    -36.1773    -2.73075     19.0037    0.578827     1.66177  -0.0380013
     1.36481     0.396023     -0.33152     -1.37289     0.238261      2.49564      1.05554  0.000795913    -0.224121  -0.00957083       0.1865   0.00531912 -0.000721326  -0.00024776     0.328025     0.644684     0.588664     -2.41963     0.100475    -0.370667   -0.0177088   -0.0514832     0.255087     0.381784    -0.135615    0.0147034     0.145182     -35.3159     -2.15201      18.2235     0.599897      1.82484   -0.0545474            0     -36.1111     -2.71493       18.995     0.578448      1.65911   -0.0381743
      1.3648     0.393862    -0.331606     -1.37102     0.238259      2.49564      1.05554   -0.0036748    -0.217957  -0.00627037     0.188553 -3.06894e-05  0.000262161  0.000312478     0.327858     0.644181     0.591165     -2.41566     0.100296    -0.371778   -0.0165211   -0.0512771     0.251654      0.37607    -0.138859    0.0138416     0.121378     -34.9231     -2.20359      18.1997     0.618208      1.79921   -0.0737735    4.996e-16     -36.0462     -2.69941      18.9861     0.578073      1.65646   -0.0383441
    1.36478    0.391719   -0.331693    -1.36915    0.238261     2.49564     1.05554 -0.00157523   -0.212525  -0.0109235    0.186573 0.000401483  0.00038776 3.94255e-05    0.327696    0.643671    0.593644    -2.41172    0.100128   -0.372883  -0.0154047  -0.0514818    0.247071    0.368905   -0.138447   0.0113854    0.196757    -34.8279    -2.05283     18.0768    0.599897      1.7928  -0.0673648 5.55112e-17    -35.9816    -2.68404      18.977     0.57769      1.6538  -0.0385117
     1.36476     0.389589    -0.331759     -1.36735     0.238261      2.49564      1.05554  -0.00165342    -0.207709   -0.0108027     0.177538  9.52651e-05 -3.63628e-05  8.60741e-05     0.327524      0.64316     0.596079     -2.40785    0.0999515    -0.373937   -0.0148933   -0.0513892     0.238791     0.355882    -0.133056    0.0102421     0.121378     -35.4627     -2.17979      18.1521     0.599897      1.80561   -0.0673648    4.996e-16     -35.9172     -2.66863      18.9679     0.577291      1.65117   -0.0386759
     1.36476     0.387568    -0.331824     -1.36562     0.238263      2.49564      1.05554  -0.00155091     -0.19988  -0.00945557     0.168994  0.000390753  0.000553605 -0.000587582     0.327352      0.64267     0.598402     -2.40415    0.0997721    -0.374945   -0.0149191   -0.0499942     0.228729     0.341381    -0.127297    0.0107991    0.0698036     -34.1654     -2.12821      17.8268     0.587996      1.78639   -0.0481387  3.88578e-16     -35.8556       -2.654      18.9588     0.576906      1.64864   -0.0388322
     1.36473     0.385644    -0.331887     -1.36384     0.238264      2.49564      1.05554  -0.00134409    -0.195177   -0.0100459     0.178593  0.000164623 -0.000275199   0.00148197     0.327189     0.642195     0.600683     -2.40051    0.0995959    -0.375964   -0.0152958   -0.0493434     0.230336     0.344805    -0.129737    0.0101796     0.272135     -34.1416     -2.00126      18.0252     0.576094      1.80561    -0.105817   9.4369e-16     -35.7965     -2.63992      18.9496     0.576545      1.64612   -0.0389855
     1.36468     0.383754    -0.331982     -1.36199      0.23827      2.49564      1.05554  -0.00641413    -0.184689   -0.0101844     0.185289  0.000396696 -0.000124531 -0.000507372     0.327059     0.641704     0.602974     -2.39684    0.0994647    -0.377047   -0.0120098   -0.0488516       0.2265     0.339947    -0.132113   0.00706718      0.32371     -34.7287     -1.92588      17.7514     0.558699       1.7928   -0.0545474  1.11022e-15     -35.7376     -2.62626      18.9399     0.576197      1.64355   -0.0391389
     1.36464      0.38189    -0.332078     -1.36017     0.238267      2.49564      1.05554  -0.00168351    -0.183036   -0.0130351     0.181867  0.000221214 -3.17252e-06  0.000628126     0.326921     0.641215     0.605237     -2.39321    0.0993284    -0.378119   -0.0135539   -0.0484936     0.223676     0.335489    -0.130682   0.00783663     0.121378     -34.5581     -2.05283      17.9736     0.565107       1.7928   -0.0865909  9.99201e-16     -35.6792     -2.61279      18.9301     0.575859      1.64099   -0.0392898
      1.3646     0.379983    -0.332182      -1.3583      0.23827      2.49564      1.05554  -0.00427692    -0.186299   -0.0132277     0.183856  0.000230125  0.000120632 -0.000223464     0.326776     0.640709     0.607547     -2.38951    0.0991837    -0.379206   -0.0123208   -0.0509719     0.226917     0.340223    -0.133039   0.00578791     0.248331     -34.3399     -2.00126      17.7752     0.558699      1.78639   -0.0673648  6.66134e-16     -35.6191     -2.59907      18.9198       0.5755      1.63836   -0.0394434
    1.36457    0.378065   -0.332298    -1.35645    0.238267     2.49564     1.05554 -0.00504026   -0.190721  -0.0123571    0.185613 0.000213586 0.000475954 0.000596571    0.326635    0.640188    0.609859     -2.3858   0.0990566   -0.380305  -0.0128416  -0.0528922    0.230791    0.346652   -0.134212   0.0053192    0.347514    -34.6811    -1.92588      17.926    0.558699     1.77998  -0.0865909 4.44089e-16    -35.5583    -2.58537     18.9093    0.575143      1.6357  -0.0395963
     1.36453     0.376125    -0.332428     -1.35464     0.238269      2.49564      1.05554  0.000805508    -0.192727    -0.015043     0.182408  0.000263432 -0.000151951  -0.00118924     0.326503     0.639647     0.612167     -2.38211    0.0989525    -0.381401   -0.0154113   -0.0531233     0.230485     0.344585     -0.13485   0.00949692     0.272135     -34.8279     -1.92588      18.0014     0.541304       1.7928     -0.04173  6.10623e-16     -35.4966     -2.57169      18.8985     0.574771      1.63304   -0.0397481
     1.36449     0.374252    -0.332585     -1.35287     0.238275      2.49564      1.05554 -0.000883245    -0.187544   -0.0148263     0.178358  0.000162423  9.63941e-05   0.00109816     0.326387     0.639109     0.614407     -2.37853    0.0988939    -0.382486   -0.0141032   -0.0530005     0.224672     0.336856     -0.13051   0.00580167     0.272135      -33.848     -1.90208      17.6999     0.522993      1.77998   -0.0994083            0     -35.4364      -2.5587      18.8878     0.574413      1.63042   -0.0398952
     1.36445     0.372419    -0.332781     -1.35106     0.238275      2.49564      1.05554  -0.00889082    -0.182822   -0.0176897     0.177851 -0.000153851    0.0051217   0.00014237      0.32629     0.638563     0.616638     -2.37495    0.0988514    -0.383623  -0.00738801   -0.0558296     0.221911     0.335367    -0.133863  -0.00490433     0.422892     -34.1416      -1.8505      18.0252     0.522993      1.78639   -0.0737735 -2.22045e-16     -35.3767     -2.54625      18.8768     0.574084      1.62779   -0.0400406
     1.36437     0.370643    -0.333027      -1.3492      0.23828      2.49564      1.05554    -0.011943    -0.171752   -0.0274101     0.187527  0.000649958  -0.00168634  0.000565688      0.32624     0.638001     0.618861     -2.37139    0.0988926     -0.38483 -0.000979148   -0.0570673     0.218964      0.32689    -0.135376   -0.0155665     0.577616     -34.6573     -1.72752      17.8268     0.475386      1.78639   -0.0865909  4.44089e-16      -35.318     -2.53449      18.8654     0.573781      1.62514   -0.0401849
     1.36428     0.368906    -0.333319      -1.3473      0.23828      2.49564      1.05554   -0.0124873      -0.1689   -0.0275799     0.190045  -6.3812e-05  -0.00023854  1.46938e-05     0.326216     0.637426      0.62108     -2.36783    0.0989697    -0.386098 -0.000756665   -0.0571523     0.218416     0.326919    -0.137877   -0.0157643     0.474467     -34.4113     -1.77512      17.7514     0.475386      1.77998   -0.0673648  2.22045e-16     -35.2596      -2.5233      18.8537     0.573507      1.62247   -0.0403279
    1.36417    0.367217   -0.333656    -1.34534    0.238287     2.49564     1.05554  -0.0141259   -0.166982  -0.0330267    0.196091 9.52489e-05  5.3302e-05  0.00102315    0.326223     0.63684    0.623303    -2.36425    0.099106   -0.387428  0.00244676  -0.0593193    0.220568    0.330441   -0.141813  -0.0226192     0.60142    -34.0463    -1.67594     17.6761    0.457991     1.77998  -0.0929996 2.77556e-16     -35.202    -2.51268     18.8415    0.573253     1.61977  -0.0404707
     1.36403     0.365579     -0.33404     -1.34331     0.238288      2.49563      1.05554   -0.0184097    -0.156014   -0.0344267     0.203758  0.000125414 -0.000699407 -0.000185175     0.326271     0.636237     0.625524     -2.36067    0.0992955    -0.388837   0.00573592   -0.0586122     0.216911     0.325165    -0.144308   -0.0264838     0.728373     -34.4867     -1.67594      17.8506     0.446089      1.81843   -0.0673648  4.44089e-16     -35.1451     -2.50266       18.829     0.573036      1.61704   -0.0406123
    1.36385    0.364019   -0.334483    -1.34124    0.238289     2.49563     1.05554  -0.0134857   -0.149866  -0.0469375     0.20403 0.000721441 -0.00367032 9.64933e-05    0.326367    0.635623    0.627715    -2.35714   0.0995684   -0.390318  0.00878387  -0.0594642    0.213141     0.31627   -0.145421   -0.033212    0.652995    -34.6811    -1.62437      17.926    0.434187     1.84956  -0.0737735 4.44089e-16    -35.0897    -2.49356     18.8163    0.572857     1.61432  -0.0407511
    1.36366    0.362571   -0.334969    -1.33914    0.238292     2.49563     1.05554  -0.0220335   -0.142542  -0.0494769    0.207927 0.000805449 0.000122186 0.000392834    0.326498    0.635017    0.629847    -2.35369   0.0998892   -0.391842   0.0154437  -0.0614839     0.21073    0.315549   -0.148532  -0.0444226     0.60142     -33.848    -1.65214     17.4023     0.40489     1.84315  -0.0801822 3.33067e-16     -35.037    -2.48547     18.8035    0.572719     1.61164  -0.0408855
     1.36345     0.361258    -0.335545     -1.33692     0.238293      2.49562      1.05554    -0.019709    -0.130289   -0.0614735     0.222546 -0.000198212   0.00021619  0.000196581     0.326682     0.634412     0.631955     -2.35026     0.100275    -0.393494    0.0193069   -0.0611298     0.210693     0.314691    -0.158577   -0.0514516     0.803751     -33.7528     -1.52518      17.3507      0.40489      1.83033   -0.0737735 -3.33067e-16     -34.9871     -2.47879      18.7903     0.572657      1.60895   -0.0410174
     1.36321     0.360071    -0.336231     -1.33455      0.23829      2.49562      1.05554   -0.0215398    -0.116991   -0.0730062      0.24148 -0.000339173  7.76872e-05  0.000958983     0.326933     0.633798     0.634063     -2.34681     0.100753    -0.395304    0.0252992     -0.06169     0.212146     0.317067    -0.168918   -0.0624164     0.803751     -33.9234     -1.50138      17.4261     0.428694      1.83674   -0.0929996  3.88578e-16     -34.9396     -2.47358      18.7765     0.572676      1.60621   -0.0411482
     1.36296     0.359006    -0.337005     -1.33196      0.23829      2.49562      1.05554   -0.0242226     -0.10369   -0.0794727     0.260606  0.000430375   0.00013011  -0.00114064      0.32722     0.633186     0.636208     -2.34329     0.101256    -0.397272    0.0292896   -0.0611162     0.213392     0.319675    -0.178871   -0.0676417     0.700602     -33.6536     -1.52518      17.2516     0.434187      1.82484     -0.04173 -3.88578e-16     -34.8942     -2.46955      18.7619     0.572765      1.60339   -0.0412804
     1.36275     0.358043    -0.337853     -1.32923      0.23829      2.49561      1.05554   -0.0246193   -0.0932155   -0.0870416     0.279766  0.000281801  -0.00126725  0.000808127     0.327516     0.632587     0.638355     -2.33973     0.101761    -0.399322    0.0321118   -0.0609589      0.21648     0.324548    -0.187158    -0.074062     0.625224     -33.8996     -1.60056      17.3031     0.440596      1.86238   -0.0801822 -3.33067e-16     -34.8507     -2.46656      18.7467      0.57291      1.60052    -0.041412
     1.36254     0.357214    -0.338756     -1.32637     0.238289       2.4956      1.05554   -0.0216179   -0.0756613   -0.0888617     0.285278  0.000123424  -0.00100039 -0.000142911     0.327827     0.632009     0.640487     -2.33619     0.102254    -0.401455    0.0314055    -0.055906     0.207399     0.311662    -0.188045   -0.0715165     0.700602     -34.1178     -1.60056      17.5015     0.440596      1.93837   -0.0673648  6.66134e-16     -34.8102     -2.46466       18.731     0.573117      1.59763   -0.0415415
    1.36232    0.356527   -0.339707    -1.32336    0.238292     2.49557     1.05554  -0.0230055  -0.0614131   -0.095955    0.299939 0.000792708 -0.00399275   0.0023618    0.328167    0.631447    0.642596    -2.33267    0.102773   -0.403672   0.0350887  -0.0547683    0.205301    0.308218   -0.191297  -0.0792086    0.803751     -33.971    -1.57676     17.6007    0.416792     1.98872  -0.0737735 5.55112e-17     -34.773    -2.46386      18.715     0.57338     1.59473  -0.0416689
      1.3621     0.355983    -0.340752     -1.32017     0.238299      2.49552      1.05554   -0.0275771   -0.0504286    -0.107241     0.325298   0.00113907  -0.00463517 -0.000134486     0.328539     0.630896     0.644706     -2.32914     0.103321    -0.406008    0.0417937   -0.0569293     0.211661     0.317038    -0.206932   -0.0896571     0.676798     -34.0463     -1.69974      17.1008     0.374678      1.96949   -0.0737735 -3.33067e-16     -34.7386     -2.46445      18.6982     0.573723       1.5918   -0.0417949
     1.36189     0.355627    -0.341907     -1.31681     0.238303      2.49538      1.05554   -0.0192312    -0.035866    -0.112289     0.339679  0.000550977   -0.0115206 -0.000330537      0.32895     0.630368      0.64677     -2.32572     0.103884    -0.408437    0.0381994   -0.0518831     0.208544     0.308325    -0.210264   -0.0832819     0.676798     -34.3122     -1.72752      17.6523      0.35179      2.05738   -0.0609561 -2.22045e-16     -34.7085     -2.46685      18.6811     0.574184      1.58893   -0.0419142
    1.36165    0.355453   -0.343145    -1.31335    0.238309     2.49518     1.05554  -0.0262099   -0.014671   -0.125484    0.352408 0.000180084  -0.0195085 0.000867525     0.32942    0.629855    0.648755    -2.32246    0.104529   -0.410937   0.0487094  -0.0521013    0.200422    0.290711   -0.212517   -0.100832    0.954508    -34.1654    -1.44981     17.1246    0.333479     2.03267  -0.0929996 6.10623e-16     -34.683    -2.47095     18.6638    0.574737     1.58616  -0.0420262
     1.36135     0.355464    -0.344422     -1.30979     0.238313      2.49493      1.05554   -0.0325909   0.00310044    -0.129428     0.354864  0.000378195   -0.0246378 -0.000436806      0.32995     0.629358     0.650666     -2.31933     0.105235    -0.413512    0.0549599   -0.0503937      0.18905      0.27019    -0.209894    -0.109023     0.982279     -34.5105     -1.50138      17.4023     0.309675      2.05189   -0.0609561 -7.21645e-16     -34.6622     -2.47637      18.6465     0.575371      1.58347   -0.0421317
     1.36099     0.355531     -0.34573     -1.30614     0.238318      2.49462      1.05554   -0.0368251   0.00382306    -0.127753     0.362733 -0.000481964   -0.0304239   0.00113729     0.330516     0.628848     0.652576     -2.31623     0.106003    -0.416128    0.0555659   -0.0516996     0.191714     0.271195    -0.210268    -0.110883     0.779948     -35.1691     -1.72752      17.1762     0.304182      2.09584   -0.0929996 -8.32667e-16     -34.6425     -2.48223      18.6287     0.576041      1.58079   -0.0422351
     1.3606    0.355658   -0.347046    -1.30253    0.238328     2.49423     1.05554   -0.040582   0.0132585   -0.126009      0.3537  0.00071073  -0.0413504 -0.00107156    0.331104     0.62834    0.654413    -2.31331    0.106802   -0.418703   0.0577016  -0.0498436    0.178859    0.244721   -0.198389   -0.111253     0.87913    -35.7324    -1.67594     17.8268    0.220869     2.16542    -0.04173 2.22045e-16    -34.6245    -2.48856     18.6111    0.576734     1.57823  -0.0423315
    1.36015    0.355851   -0.348395    -1.29908    0.238347     2.49371     1.05554  -0.0426644   0.0246371   -0.133642    0.340631  0.00249765  -0.0585402  0.00018284    0.331758    0.627819    0.656109    -2.31072     0.10774   -0.421188   0.0636889  -0.0493279    0.162345    0.208396   -0.181075   -0.120769     1.05766    -35.4151    -1.54899      17.799     0.12657     2.21577  -0.0737735 2.22045e-16    -34.6089    -2.49572     18.5944    0.577462     1.57595  -0.0424155
    1.35957    0.356136   -0.349792    -1.29572    0.238368       2.493     1.05554  -0.0614397   0.0250634   -0.137702    0.336197  0.00191945  -0.0735739 0.000820811    0.332525    0.627268    0.657668     -2.3085    0.108877   -0.423635   0.0770394  -0.0568607    0.157902    0.190792   -0.172784   -0.142305     1.28379    -35.2683    -1.37443     17.6761   0.0963574     2.28535  -0.0929996  9.4369e-16    -34.5961    -2.50395     18.5783    0.578263     1.57395  -0.0424856
     1.35889     0.356526    -0.351204     -1.29242     0.238388      2.49205      1.05554   -0.0714532    0.0395217     -0.13892     0.323998  0.000177198    -0.103741  -0.00138677     0.333365     0.626711      0.65909     -2.30668     0.110124    -0.425987    0.0849188   -0.0559462     0.137552     0.138754    -0.151579    -0.149675      1.08146     -35.4151     -1.62437      17.7276    0.0908643       2.3293   -0.0344058 -1.66533e-16     -34.5868     -2.51304      18.5629     0.579142      1.57229   -0.0425406
    1.35813    0.357045   -0.352685    -1.28926    0.238399     2.49083     1.05554  -0.0806337   0.0571919   -0.146658    0.313713 -0.00035219   -0.131946  0.00099175    0.334295    0.626151    0.660321    -2.30539    0.111532   -0.428229   0.0955178  -0.0555812    0.116738   0.0885958   -0.129659   -0.165384     1.10527    -35.4865    -1.65214     18.0252   0.0963574     2.36683  -0.0929996 3.33067e-16    -34.5816    -2.52366     18.5486     0.58014     1.57107  -0.0425762
     1.35726     0.357719    -0.354231     -1.28623     0.238407      2.48925      1.05554   -0.0903805     0.076072    -0.155831     0.296309   0.00450272    -0.167251 -0.000926606     0.335335     0.625587     0.661332     -2.30472      0.11311    -0.430333     0.107793   -0.0552249    0.0905183    0.0265501   -0.0988191    -0.180586      1.02989     -35.2445     -1.69974      17.4499     0.108259      2.31648   -0.0481387  5.55112e-17     -34.5815     -2.53596      18.5356     0.581272      1.57038   -0.0425884
    1.35626    0.358539   -0.355831    -1.28333    0.238408     2.48733     1.05554    -0.10244   0.0845591   -0.161741    0.287414 0.000126676   -0.195377 0.000685794    0.336499    0.625009     0.66213    -2.30467    0.114905   -0.432307    0.118611  -0.0581971   0.0766257  -0.0154143   -0.082521   -0.196681    0.728373    -35.2683    -1.92588      17.799    0.143965      2.3357  -0.0801822 1.16573e-15    -34.5863    -2.54984      18.524    0.582534      1.5702  -0.0425785
     1.35514     0.359459     -0.35742      -1.2805     0.238404      2.48509      1.05554    -0.117103    0.0896587    -0.158268     0.276431 -0.000319004    -0.232248  -0.00135956     0.337732      0.62443     0.662783     -2.30508     0.116802    -0.434137     0.126475   -0.0603439    0.0621097   -0.0616002   -0.0570233    -0.203753     0.700602     -35.1929     -1.80289      17.5491     0.173262      2.31648   -0.0279971  3.33067e-16     -34.5948     -2.56439      18.5133     0.583878      1.57042   -0.0425517
    1.35391    0.360487   -0.358957    -1.27783    0.238405     2.48258     1.05554    -0.12031    0.105078   -0.149571    0.256992 0.000219416   -0.258886 0.000213331    0.339023    0.623864    0.663235    -2.30601    0.118812   -0.435745    0.126408  -0.0536914   0.0371883   -0.114142  -0.0250249   -0.199141     1.08146    -35.3397    -1.69974     17.8744    0.167769     2.27253  -0.0609561 1.11022e-16    -34.6078     -2.5795      18.504    0.585276     1.57109  -0.0425066
    1.35257    0.361599   -0.360498    -1.27536    0.238404     2.47971     1.05554   -0.136921    0.113626   -0.152865    0.242633 6.81799e-06   -0.300453 -0.00114529    0.340402    0.623289    0.663478    -2.30757    0.120977   -0.437135    0.139228  -0.0573385   0.0183896   -0.170398   0.0042781   -0.214989     1.25999    -35.5857    -1.62437      17.799     0.17967     2.28535  -0.0344058 3.88578e-16    -34.6244    -2.59552     18.4963     0.58676     1.57229  -0.0424392
     1.35111      0.36283    -0.362063     -1.27309     0.238399       2.4765      1.05554    -0.144153      0.12688    -0.153741     0.219544  -0.00123914    -0.324491  0.000560412     0.341885     0.622706     0.663493     -2.30976     0.123344    -0.438333     0.146456   -0.0555982  -0.00591919    -0.223073    0.0321307    -0.224285     0.954508     -35.9268      -1.8505      17.9022     0.220869      2.22859   -0.0865909 -2.77556e-16     -34.6455     -2.61282      18.4902     0.588345      1.57403    -0.042349
     1.34964     0.364195    -0.363635     -1.27099     0.238395      2.47307      1.05554    -0.142964     0.136263    -0.153363     0.207307 -0.000409126    -0.342344  0.000714188     0.343393     0.622163     0.663296     -2.31246      0.12574    -0.439334     0.146737   -0.0521474   -0.0211602    -0.256888     0.051438    -0.222477     0.902933     -36.1728     -1.95365      18.1006     0.262068      2.26612   -0.0673648 -5.55112e-17     -34.6717     -2.63136      18.4856     0.590006      1.57619   -0.0422397
     1.34822     0.365663    -0.365182     -1.26907      0.23839      2.46953      1.05554    -0.139187     0.149421    -0.150854     0.183082  4.01337e-05    -0.350836 -0.000508664      0.34488     0.621675     0.662917     -2.31554     0.128103    -0.440141     0.145946    -0.045836   -0.0440879     -0.29704    0.0725296    -0.217797      1.02989     -36.2442      -1.8505       18.049     0.304182      2.23408   -0.0609561 -1.66533e-16      -34.702     -2.65072      18.4825     0.591703      1.57867   -0.0421161
     1.34677     0.367258    -0.366683     -1.26734     0.238382      2.46588      1.05554    -0.145255     0.159516    -0.145268     0.167382 -0.000573964    -0.362427  0.000408074     0.346388      0.62123     0.662333     -2.31904     0.130502    -0.440766     0.148845   -0.0431878   -0.0611319    -0.329123    0.0918932    -0.220072     0.855326     -36.0736     -2.07664      18.2235     0.339888      2.36042   -0.0673648  5.55112e-17     -34.7373     -2.67091       18.481     0.593437      1.58149   -0.0419769
      1.3453     0.369007    -0.368178     -1.26581     0.238381      2.46221      1.05554    -0.143973     0.173518    -0.148466     0.150067  1.67971e-05    -0.371747  0.000596142     0.347928     0.620829     0.661538     -2.32289     0.132959    -0.441272     0.151751   -0.0394233   -0.0807452     -0.36468     0.109358    -0.223287     0.752177     -36.1728     -2.17979      17.9736     0.339888      2.38606   -0.0737735 -1.66533e-16     -34.7783     -2.69247       18.481     0.595207      1.58459   -0.0418236
     1.34382      0.37091     -0.36967     -1.26449     0.238383      2.45851      1.05554     -0.14917     0.192104    -0.148059      0.12372 -1.28032e-05    -0.372572  0.000987603     0.349498     0.620474     0.660524     -2.32713     0.135473     -0.44165     0.158312   -0.0353954    -0.107291    -0.405054     0.129098    -0.231879     0.902933     -36.2204     -2.02903      18.2235     0.327986       2.2469   -0.0801822  1.66533e-16     -34.8248     -2.71545      18.4827     0.597016      1.58798   -0.0416552
     1.34228     0.372938    -0.371102      -1.2634     0.238382      2.45444      1.05554    -0.160037      0.20551    -0.142704     0.100508 -0.000413671    -0.405913  0.000100934     0.351109     0.620149      0.65925     -2.33206     0.138067    -0.441691      0.16495   -0.0336422    -0.133517    -0.464853     0.164657    -0.236893     0.752177     -35.9744     -2.15201      18.2513     0.333479      2.25972   -0.0609561  1.11022e-16     -34.8768     -2.73925      18.4864     0.598897      1.59193   -0.0414607
     1.34062     0.375103    -0.372434     -1.26255     0.238383      2.45027      1.05554    -0.167591     0.219072    -0.135351    0.0752727 -0.000535243    -0.416283  0.000111764     0.352766     0.619856     0.657737     -2.33745     0.140753    -0.441512     0.169165   -0.0303438    -0.157909    -0.506643     0.190548    -0.240146     0.982279     -35.9506     -1.92588      18.0252     0.327986      2.13978   -0.0545474            0     -34.9345     -2.76367      18.4919     0.600787       1.5962   -0.0412485
     1.33891       0.3774    -0.373678     -1.26195     0.238385        2.446      1.05554    -0.174427     0.232476    -0.126461    0.0537027  0.000540077    -0.428089 -0.000267784     0.354451     0.619601     0.655986      -2.3433     0.143503    -0.441093     0.171857   -0.0266255    -0.180623     -0.54563     0.216744    -0.240499      1.00608     -36.5854     -2.07664      18.3267     0.309675      2.26612   -0.0481387  2.77556e-16     -34.9979     -2.78879      18.4993      0.60269      1.60082   -0.0410181
     1.33712     0.379835    -0.374872     -1.26159     0.238381      2.44157      1.05554    -0.176241     0.246549    -0.117315    0.0345151 -0.000303769     -0.44757 -0.000444745     0.356184     0.619372     0.653982     -2.34968     0.146358     -0.44044     0.171019   -0.0210801    -0.203658    -0.590433     0.244967    -0.234644      1.08146     -36.8314     -2.12821      18.4259     0.345381      2.21577     -0.04173 -2.77556e-16     -35.0667     -2.81496      18.5085     0.604634       1.6058   -0.0407662
     1.33536     0.382422    -0.376052     -1.26144     0.238377       2.4369      1.05554    -0.175272     0.257242     -0.11589   0.00750149 -0.000537601    -0.463846  -0.00022883      0.35792     0.619191     0.651736     -2.35663     0.149233    -0.439505     0.172479   -0.0181292    -0.227454    -0.635808     0.273112    -0.234988      1.38694     -35.7324     -1.90208      18.2235     0.374678      2.16542   -0.0481387  1.11022e-16      -35.141     -2.84248      18.5194      0.60664      1.61116   -0.0404909
     1.33359     0.385116    -0.377192     -1.26142     0.238373      2.43206      1.05554    -0.177251     0.280212    -0.117749  -0.00034258 -0.000917165     -0.48219 -0.000140611     0.359653     0.619042     0.649319     -2.36396     0.152119    -0.438349     0.176374   -0.0137849    -0.249738    -0.679298     0.293579    -0.238497     0.982279      -36.026     -2.25516      18.4259     0.416792      2.27894   -0.0545474 -1.66533e-16     -35.2192     -2.87076      18.5312     0.608674      1.61676   -0.0401988
     1.33185     0.388025    -0.378274     -1.26145     0.238372      2.42727      1.05554      -0.1678     0.302626    -0.106251   -0.0043636  0.000249758    -0.472901  0.000191497     0.361368     0.618967     0.646732      -2.3715     0.154953    -0.437089     0.167142   -0.0015972     -0.26692    -0.694241     0.302668    -0.220713     0.930704      -36.879     -2.33054       18.648     0.422285      2.22859   -0.0481387 -1.66533e-16     -35.3042     -2.90029      18.5439     0.610726      1.62242   -0.0398954
    1.33008    0.391247   -0.379282     -1.2615    0.238367     2.42256     1.05554   -0.178349    0.332155  -0.0954824 -0.00433155 0.000111087   -0.473711 0.000779476    0.363081    0.618987    0.643921     -2.3793    0.157747   -0.435745     0.17062  0.00508577   -0.288288   -0.721715    0.315822   -0.222218    0.855326    -37.7121    -2.53287     19.0011    0.434187     2.30366  -0.0737735 1.05471e-15    -35.3988    -2.93156     18.5576     0.61282     1.62819  -0.0395782
     1.32824     0.394794     -0.38017      -1.2616     0.238364      2.41794      1.05554    -0.181832     0.361655   -0.0808701  -0.00611023 -0.000405106    -0.460879 -0.000851577     0.364818     0.619095     0.640864     -2.38738     0.160536    -0.434304     0.168375    0.0152676    -0.309104    -0.740095     0.322107    -0.213138     0.827555     -38.0057     -2.58048      18.9734     0.452498      2.23408     -0.04173            0     -35.5038     -2.96434      18.5725     0.614933      1.63407   -0.0392465
     1.32632      0.39864    -0.380998      -1.2617     0.238369      2.41323      1.05554    -0.186969     0.386939   -0.0814859   -0.0107393 -0.000359538    -0.471329    0.0010241     0.366584     0.619265     0.637583     -2.39584     0.163365    -0.432715     0.173596    0.0185063    -0.330577     -0.77551      0.33935    -0.220525      1.25999     -36.6846     -2.25516      18.7988     0.410383      2.16542   -0.0801822  6.10623e-16     -35.6177     -2.99883      18.5882     0.617097      1.64011   -0.0388964
     1.32433     0.402675    -0.381812     -1.26181     0.238378      2.40852      1.05554    -0.199176     0.406723   -0.0831137    -0.010946   0.00073266    -0.465496  -0.00100358     0.368407     0.619442     0.634158      -2.4045     0.166289    -0.431089     0.183133    0.0170358     -0.34369     -0.78952     0.341697    -0.234129     0.902933     -37.0258      -2.5051      18.9734     0.357283      2.15901   -0.0344058 -1.11022e-16     -35.7369     -3.03469      18.6043      0.61928      1.64617   -0.0385343
    1.32237    0.406947   -0.382608    -1.26195    0.238385     2.40387     1.05554   -0.191956    0.429451  -0.0791444   -0.017405 0.000859729   -0.462317 6.44397e-05    0.370222     0.61968    0.630561    -2.41335     0.16919   -0.429396    0.178769   0.0249982   -0.362969   -0.812568    0.353039   -0.226007     1.05766    -38.0533    -2.42972     19.1003    0.304182     2.19014  -0.0545474 5.55112e-17    -35.8625    -3.07218     18.6207    0.621488     1.65225  -0.0381602
     1.32042     0.411395    -0.383387     -1.26208     0.238385      2.39912      1.05554    -0.199218     0.446142   -0.0795328  -0.00937101 -3.57254e-05    -0.481023  0.000157944     0.372027     0.619953     0.626826     -2.42247     0.172067    -0.427582     0.183212    0.0243179    -0.373218    -0.837015     0.364428    -0.231561      1.20841     -36.4664     -2.45353       18.648     0.309675      2.18373   -0.0673648    4.996e-16     -35.9928     -3.11088      18.6373     0.623731      1.65838   -0.0377713
     1.31837     0.416051    -0.384148      -1.2622     0.238385      2.39432      1.05554     -0.21103      0.47008   -0.0733731    -0.013877  0.000680982     -0.46998 -0.000890353     0.373892     0.620227     0.622944     -2.43182     0.175052    -0.425714     0.189655    0.0258096    -0.391544    -0.853358     0.370737    -0.239473      1.41075     -37.7597     -2.37815      19.0011     0.304182      2.14619     -0.04173  8.32667e-16     -36.1285     -3.15095       18.654     0.625997      1.66453   -0.0373686
     1.31618     0.421082    -0.384857     -1.26241     0.238379      2.38963      1.05554    -0.220453     0.517957   -0.0665921     -0.02095 -0.000261381    -0.467693  0.000589152     0.375856     0.620537     0.618758     -2.44154     0.178203    -0.423804     0.196064    0.0344427    -0.429202    -0.901954     0.390233    -0.245864     0.752177     -40.2036     -2.85819      19.5248     0.357283      2.22218   -0.0609561  2.77556e-16     -36.2748     -3.19348      18.6717     0.628299      1.67076   -0.0369458
    1.31388    0.426514   -0.385474     -1.2627    0.238379     2.38515     1.05554   -0.233105     0.54768  -0.0605128  -0.0224597 0.000702514    -0.43538 0.000239207    0.377878    0.620914    0.614271    -2.45153    0.181426   -0.421851    0.203613     0.03651   -0.447345   -0.903827    0.384803   -0.256601     1.08146    -37.8073    -2.75901     18.8504    0.357283     2.14619  -0.0609561 4.44089e-16    -36.4325    -3.23824     18.6902      0.6306     1.67699  -0.0365066
     1.31145     0.432175    -0.386085       -1.263     0.238377      2.38095      1.05554    -0.247044     0.572937   -0.0607905   -0.0302683  -0.00111642    -0.410318 -0.000257706     0.379999     0.621271     0.609646     -2.46149     0.184827    -0.420039     0.214888    0.0342514    -0.466203    -0.914644      0.38132    -0.274373      1.79161     -38.2993     -2.27897      19.2233     0.374678      2.12056   -0.0481387  1.11022e-15     -36.5955     -3.28466      18.7084     0.632879      1.68305   -0.0360628
     1.30888     0.438027    -0.386737     -1.26323     0.238379      2.37684      1.05554    -0.257104     0.598248   -0.0694382   -0.0197642  -0.00135798    -0.412349 -0.000605173     0.382226     0.621579     0.604936     -2.47148     0.188436    -0.418345     0.225414     0.030721    -0.478597    -0.932359     0.381585    -0.291037      1.63688     -38.3231     -2.35435      18.7234     0.362776      2.08302     -0.04173  5.55112e-17     -36.7621      -3.3327       18.726     0.635164      1.68895   -0.0356129
    1.30627     0.44417   -0.387385    -1.26342    0.238372     2.37286     1.05554   -0.256002    0.618576  -0.0622696  -0.0248946 -0.00252967   -0.396759 0.000732545    0.384495    0.621909    0.600057     -2.4816    0.192103    -0.41669    0.223127   0.0345415   -0.494723      -0.942    0.385726   -0.287242     1.00608    -39.2276    -2.83439     19.4494    0.422285     2.01344  -0.0609561  9.4369e-16    -36.9353    -3.38273     18.7432    0.637467     1.69475   -0.035152
     1.30366     0.450716    -0.387986     -1.26363     0.238377      2.36903      1.05554    -0.264621     0.657068   -0.0611263   -0.0125605 -0.000564015    -0.379351 -0.000874368     0.386773     0.622313     0.594888       -2.492     0.195755    -0.414959     0.229464    0.0376661    -0.513858    -0.953513     0.382006    -0.293949     0.954508     -40.3742     -2.90977      19.1479     0.381086      1.98231     -0.04173  7.21645e-16     -37.1188     -3.43528      18.7606     0.639774      1.70054   -0.0346732
    1.30087    0.457641   -0.388475    -1.26381    0.238369     2.36537     1.05554    -0.27621     0.69798  -0.0468458  -0.0226853 -0.00156294   -0.360732 0.000290283    0.389131    0.622738    0.589477    -2.50259    0.199522   -0.413233    0.233645   0.0429168   -0.547594   -0.983669    0.396001   -0.297373     1.23222    -38.8864    -3.00895     19.2233    0.446089     2.01344  -0.0609561 5.55112e-16    -37.3116     -3.4894     18.7778    0.642068     1.70623   -0.034181
     1.29793     0.464667     -0.38892     -1.26394      0.23837      2.36184      1.05554    -0.295033     0.698873   -0.0468704    -0.005586 -0.000415355    -0.346883  0.000993736     0.391563     0.623096     0.584018     -2.51311      0.20346    -0.411549     0.243812    0.0318001    -0.538434    -0.957747      0.38213    -0.315829      1.48612     -38.0771     -2.58048      18.7988     0.410383       1.8871   -0.0737735  7.77156e-16     -37.5055      -3.5437       18.794     0.644294      1.71171   -0.0336871
    1.29504     0.47191   -0.389348    -1.26401    0.238357     2.35845     1.05554   -0.284074    0.734115  -0.0426889  -0.0127952  -0.0015805   -0.335288 -0.00122374    0.393962    0.623487    0.578452    -2.52365    0.207302    -0.40989    0.237602   0.0405311   -0.566905   -0.988029    0.391312   -0.302074    0.549845    -40.8145    -3.25889     19.3979      0.5175     1.89991  -0.0279971 1.22125e-15    -37.7033    -3.59919     18.8092    0.646504     1.71701  -0.0331871
     1.29226     0.479536    -0.389677     -1.26415     0.238357      2.35526      1.05554    -0.279193     0.757461   -0.0271781   -0.0134077 -2.44797e-05    -0.315283 -0.000723122     0.396276      0.62399     0.572579     -2.53445     0.210963    -0.408056     0.228905    0.0477672    -0.583658    -0.991013     0.396879    -0.286219     0.902933     -40.8899     -3.31046      19.4256     0.511091      1.96309   -0.0279971  8.88178e-16     -37.9101     -3.65648      18.8244     0.648666      1.72224   -0.0326702
    1.28937    0.487405    -0.38997    -1.26428    0.238362     2.35237     1.05554   -0.292779    0.770834  -0.0273673  -0.0115452  0.00035619   -0.284963 0.000896019    0.398658    0.624466    0.566566    -2.54519    0.214755   -0.406331    0.238173   0.0404196    -0.58927   -0.976626    0.384733   -0.303617     1.68846    -38.7119    -2.95737     19.2471    0.469893     1.96949  -0.0801822 1.11022e-16    -38.1212    -3.71497     18.8386    0.650768     1.72724  -0.0321507
     1.28625     0.495294    -0.390323     -1.26428     0.238363      2.34995      1.05554     -0.31951     0.820865   -0.0357127  0.000856356   0.00050952    -0.229002 -0.000872474     0.401205     0.624797     0.560668     -2.55538     0.218854    -0.405074     0.261644    0.0343956    -0.611334    -0.971329     0.355409    -0.337864      1.50993      -39.545     -2.78281       18.648     0.464399      1.73603     -0.04173  3.33067e-16     -38.3294     -3.77379      18.8508     0.652804      1.73179    -0.031651
    1.28311    0.503544   -0.390748    -1.26444    0.238365     2.34804     1.05554   -0.309305    0.819293  -0.0468652  -0.0183696  0.00218449   -0.182408  0.00109363    0.403837    0.625117    0.554488    -2.56561    0.223114   -0.404024    0.261783   0.0281824   -0.614073   -0.947383    0.337213   -0.345788     1.00608    -42.2586    -3.15971     19.9731    0.446089     1.90632  -0.0801822 4.44089e-16    -38.5442    -3.83604     18.8623    0.654822     1.73616  -0.0311437
     1.28006     0.512103     -0.39115     -1.26459     0.238359      2.34664      1.05554    -0.306566     0.856882   -0.0397037   -0.0163413   0.00161145    -0.129086 -0.000490224     0.406424     0.625498     0.548146     -2.57567     0.227211    -0.403161     0.259604    0.0346133    -0.634849    -0.939133     0.318275    -0.338039      1.38694     -39.8862     -3.36204      19.3741     0.493696      1.80561   -0.0481387  1.11022e-15     -38.7642     -3.90003      18.8725       0.6568      1.74028   -0.0306385
     1.27688     0.520606    -0.391581     -1.26466     0.238357      2.34575      1.05554    -0.315323     0.847725   -0.0426826  -0.00570014 -0.000465569   -0.0751076 -0.000603098     0.409103      0.62576     0.541945     -2.58511     0.231495    -0.402711     0.265743    0.0241975    -0.616645    -0.880824     0.275173    -0.349581       1.5377      -39.299     -2.95737      18.5251     0.511091      1.62892     -0.04173  2.22045e-16     -38.9793      -3.9636      18.8807     0.658685      1.74396   -0.0301584
     1.27358     0.529455    -0.392034      -1.2648     0.238358       2.3454      1.05554    -0.323727     0.897531   -0.0397839    -0.013633   0.00173101   -0.0335131  0.000827806       0.4119     0.625976     0.535518     -2.59446      0.23598    -0.402539     0.273323    0.0254162    -0.652702      -0.8994     0.274502    -0.360363     0.728373     -43.6988      -3.5366      19.9215     0.493696      1.80561   -0.0673648 -2.22045e-16        -39.2     -4.02978      18.8877     0.660545      1.74745   -0.0296774
     1.27033     0.538626    -0.392495     -1.26497     0.238355      2.34538      1.05554     -0.31885     0.914919   -0.0442671   -0.0205243   0.00114936  -0.00191896 -0.000712845     0.414684     0.626214     0.528871     -2.60387     0.240392    -0.402459      0.27343    0.0226079    -0.665588    -0.897772     0.262921    -0.360433     0.902933     -40.6916     -3.68735      19.7232     0.529402      1.78639     -0.04173            0     -39.4254     -4.09816      18.8932     0.662396       1.7508    -0.029189
     1.26713       0.5477    -0.393041     -1.26501     0.238351       2.3454      1.05554    -0.314181     0.917577   -0.0543698  -0.00358307 -0.000115247   0.00136206  -0.00131114     0.417454     0.626369     0.522364     -2.61301     0.244809    -0.402519     0.272963    0.0165739    -0.658671    -0.886317     0.247942    -0.360231      1.41075     -39.4696     -3.08433      18.3743     0.529402      1.69209   -0.0279971  2.22045e-16     -39.6445     -4.16633      18.8966     0.664225       1.7539   -0.0287102
      1.2639     0.557034    -0.393699     -1.26513     0.238356       2.3454      1.05554    -0.324533     0.953386   -0.0644674   -0.0128095 -0.000933501 -0.000363275   0.00052459     0.420296     0.626445     0.515625     -2.62249     0.249421    -0.402547     0.284984   0.00715233    -0.689809    -0.929842     0.262833    -0.382089     0.803751     -44.3613     -3.61198      19.5486     0.522993      1.72963   -0.0673648  8.88178e-16     -39.8658     -4.23755      18.8983     0.666083      1.75696   -0.0282104
     1.26055     0.566704    -0.394425     -1.26527     0.238355       2.3454      1.05554    -0.338359     0.956794   -0.0726576   -0.0135107   0.00029408 -0.000681162  0.000447702     0.423249     0.626428     0.508627     -2.63232     0.254268    -0.402576     0.295863  -0.00849119    -0.693133    -0.933755     0.263787    -0.402874      1.38694     -40.9137     -3.73893      19.8224     0.529402      1.77357   -0.0609561  4.44089e-16     -40.0911     -4.31172      18.8982     0.667976      1.75996   -0.0276886
    1.25704    0.576324   -0.395323    -1.26532    0.238348     2.34543     1.05554   -0.351603    0.963395  -0.0934965  -0.0143488 -0.00137742  0.00289676 0.000112425    0.426349    0.626216    0.501716      -2.642    0.259466   -0.402859    0.312141  -0.0275724   -0.696757   -0.941877    0.254507    -0.43285     2.06932    -41.1835    -2.75901     19.2749    0.558699     1.59687  -0.0609561 1.11022e-16    -40.3104    -4.38721     18.8956    0.669896     1.76275  -0.0271698
     1.25353      0.58613    -0.396373     -1.26546     0.238339      2.34544      1.05554    -0.343885     0.987878    -0.107765  -0.00895356   -0.0040085   0.00528096 -0.000983651      0.42952      0.62589     0.494631     -2.65195     0.264869    -0.403168     0.312767   -0.0324517    -0.711018    -0.962958     0.250076    -0.433869     0.902933     -44.9961     -3.68735      19.6002     0.635603      1.59138   -0.0344058  1.11022e-15     -40.5291     -4.46582       18.891     0.671851      1.76544   -0.0266328
    1.24995    0.596041    -0.39744    -1.26565    0.238353     2.34544     1.05554     -0.3609    0.982122   -0.112418  -0.0121091 0.000120622 0.000880407 0.000979434    0.432721    0.625463    0.487433    -2.66204    0.270426   -0.403385    0.323138  -0.0508506    -0.70955   -0.960222    0.256933   -0.457451     1.13304     -40.521    -3.76273     19.2233    0.511091     1.67927  -0.0801822           0    -40.7463     -4.5454     18.8843    0.673754     1.76799  -0.0260852
    1.24619    0.605951   -0.398612     -1.2659    0.238354     2.34547     1.05554   -0.375398    0.988898   -0.122413  -0.0309975 0.000716239 -0.00142983 0.000422189    0.436071    0.624827     0.48021    -2.67216     0.27637   -0.403719    0.335572  -0.0702817   -0.724184   -0.983896    0.269423   -0.483407     1.46232     -42.941    -3.23508     20.2469    0.505598      1.6985  -0.0737735 5.55112e-16    -40.9586    -4.62633     18.8754    0.675652     1.77037  -0.0255316
     1.24247     0.616122    -0.399915      -1.2662      0.23835      2.34549      1.05554    -0.367212      1.00872    -0.126905    -0.040802  0.000611452 -0.000263038 -7.11126e-05     0.439444     0.624108     0.472774     -2.68259     0.282417    -0.404052     0.331454   -0.0754803    -0.743847      -1.0097     0.280838     -0.48006     0.982279     -44.2383     -4.01664      19.9215     0.534895      1.67286   -0.0545474  1.88738e-15     -41.1716     -4.71069       18.864     0.677588      1.77262   -0.0249572
     1.23875     0.626229    -0.401292     -1.26658     0.238358      2.34552      1.05554     -0.37529      1.00832      -0.1395   -0.0360619 -0.000928386   0.00136021  -0.00085609     0.442821     0.623262     0.465352       -2.693     0.288584    -0.404372     0.339276   -0.0914339    -0.740129     -1.00741     0.271129    -0.495568      1.46232     -41.1597     -3.51279      19.2749     0.505598      1.55934     -0.04173  8.88178e-16     -41.3784     -4.79571      18.8502     0.679476      1.77467   -0.0243799
    1.23484    0.636375   -0.402768    -1.26713     0.23837     2.34554     1.05554   -0.396591     1.02508   -0.153841  -0.0510778 0.000559112  0.00222957 0.000141881    0.446346    0.622185    0.457814     -2.7036    0.295219   -0.404691    0.357362   -0.114855   -0.758704    -1.03491    0.281276   -0.532485     1.81541    -45.0675    -3.28666     19.9215    0.398481     1.64814  -0.0737735 1.11022e-15    -41.5809    -4.88272     18.8341    0.681333     1.77657  -0.0237884
     1.23075     0.646606    -0.404387     -1.26782     0.238382      2.34555      1.05554     -0.41162      1.00533    -0.168292   -0.0730037   0.00185897 -0.000654025  0.000711414     0.450023     0.620878     0.450158     -2.71439     0.302306    -0.405062      0.36991    -0.141475    -0.754157     -1.03626      0.28571    -0.564423      1.86698     -42.5284     -4.11582      20.2746     0.327986      1.76167   -0.0865909  1.22125e-15     -41.7795     -4.97249      18.8151     0.683191      1.77829   -0.0231815
     1.22661      0.65685     -0.40619     -1.26863     0.238361      2.34558      1.05554    -0.415737      1.03592    -0.183641   -0.0952877 -0.000771488 -0.000638727 -0.000584129     0.453785     0.619373     0.442456     -2.72529     0.309679    -0.405567     0.377836    -0.158406    -0.786057      -1.0865     0.301307    -0.583414      1.61308     -43.1632     -3.68735      20.8221     0.481794      1.60969   -0.0545474  1.77636e-15     -41.9725     -5.06511      18.7933     0.685092      1.77981   -0.0225633
    1.22237    0.667225   -0.408189    -1.26959    0.238346     2.34562     1.05554   -0.427652     1.03087   -0.205239   -0.100589 -0.00298385 0.000754527 0.000948616    0.457669    0.617648    0.434608    -2.73643    0.317472   -0.406135     0.39094   -0.182637   -0.781919    -1.08945    0.291314   -0.613494     1.00608    -45.2896    -4.04044     19.8224    0.582502     1.45222  -0.0865909 9.99201e-16    -42.1618     -5.1617     18.7682    0.687016     1.78113  -0.0219265
     1.21808     0.677528     -0.41025     -1.27068     0.238358      2.34565      1.05554    -0.433554      1.03096    -0.203729    -0.108066  -0.00353078   0.00481397 -0.000146407     0.461575     0.615748     0.426754     -2.74759     0.325495    -0.406636     0.390591    -0.196149    -0.785246     -1.09187     0.296284    -0.617915      1.50993     -42.2586     -4.24277      19.6002     0.505598      1.48335   -0.0673648  1.11022e-15     -42.3443     -5.25922      18.7404     0.688867      1.78222   -0.0212842
     1.2138    0.687872   -0.412393    -1.27203    0.238398     2.34566     1.05554   -0.427553     1.02816   -0.212969    -0.13336  0.00555631  0.00111456 -0.00137098    0.465477    0.613683    0.418756    -2.75901    0.333739   -0.406976    0.387285   -0.211551   -0.794585    -1.10658    0.316591   -0.626577      1.5377    -45.1666    -3.81431     20.7229    0.220869      1.7104    -0.04173           0    -42.5215    -5.35905     18.7095    0.690643     1.78312   -0.020624
     1.20937     0.698276    -0.414721     -1.27354     0.238394      2.34572      1.05554    -0.440401      1.01834    -0.236687    -0.155101   0.00379612   0.00195453 -0.000458987      0.46952     0.611353     0.410668     -2.77058     0.342448    -0.407466     0.401247    -0.240931     -0.79402     -1.11843     0.313782    -0.662662       1.3076     -43.6273     -4.49271      20.0961     0.268477      1.62251   -0.0673648  1.88738e-15     -42.6932     -5.46247       18.675     0.692463      1.78376   -0.0199484
    1.20476    0.708593   -0.417256    -1.27524    0.238375     2.34582     1.05554    -0.45521     1.02623   -0.253737   -0.185492 0.000773489   0.0117258 0.000948386    0.473717     0.60872    0.402596    -2.78218      0.3517    -0.40812     0.41419   -0.269297   -0.810249    -1.14609    0.319669   -0.697407     2.09312    -43.8971    -3.96506     20.8459    0.392988     1.48335  -0.0929996 3.33067e-16    -42.8565    -5.56899     18.6372    0.694305     1.78415  -0.0192653
     1.20008     0.718993    -0.420056     -1.27721     0.238356      2.34596      1.05554    -0.462825      1.04107    -0.289727    -0.202552  -0.00577256    0.0214909  -0.00066582     0.478028     0.605807     0.394381     -2.79403     0.361438    -0.408877     0.429967     -0.29874    -0.821793     -1.17821      0.30519    -0.731493      1.50993     -46.2418     -4.04044      19.9493     0.541304       1.2444   -0.0609561 -4.44089e-16     -43.0135     -5.68092       18.595     0.696187      1.78427   -0.0185606
     1.19532     0.729247    -0.423122     -1.27943     0.238375      2.34613      1.05554    -0.482815      1.01598    -0.313479    -0.223297  -0.00274805    0.0272355  -0.00102801     0.482446     0.602593     0.386211     -2.80588     0.371711    -0.409754     0.446554    -0.333312    -0.807528     -1.16918     0.295209    -0.774179     0.954508     -42.8696     -4.56809      19.1995     0.440596      1.26912     -0.04173 -2.22045e-16     -43.1602     -5.79682      18.5492     0.698071      1.78411   -0.0178495
    1.19051    0.739431   -0.426333    -1.28202    0.238395     2.34633     1.05554   -0.482009     1.02672   -0.330103   -0.266021  0.00414276   0.0165053  0.00037724    0.486907     0.59911    0.377957    -2.81792    0.382416   -0.410569    0.447459   -0.359199   -0.833028    -1.21624    0.330838   -0.800923     1.46232    -45.1428    -4.01664     20.9967    0.285872      1.6985  -0.0801822 2.22045e-16    -43.2981    -5.91599     18.4993    0.699906     1.78367  -0.0171219
    1.18573    0.749569   -0.429683    -1.28485    0.238404     2.34659     1.05554   -0.473497    0.986392   -0.331542    -0.29352   0.0127318   0.0132203  0.00131531    0.491352    0.595424     0.36967    -2.83004     0.39335   -0.411397    0.436299   -0.374929   -0.814498    -1.19445    0.343005   -0.804738     1.18461    -44.0677    -4.86961     19.7232    0.215376     1.75526   -0.105817 1.11022e-15    -43.4281    -6.03818     18.4455    0.701725     1.78294  -0.0163835
     1.18076     0.759425    -0.433223     -1.28796     0.238374      2.34683      1.05554    -0.504555     0.986155    -0.356856    -0.322304   2.9741e-05     0.023362 -0.000938794     0.495923     0.591386     0.361506     -2.84212     0.404885    -0.412331      0.45944    -0.417015    -0.820272       -1.223     0.332625    -0.853895      2.22007     -44.2145     -4.31815      20.1993     0.457991      1.54011   -0.0545474  6.66134e-16     -43.5459     -6.16279      18.3883     0.703545      1.78191   -0.0156402
    1.17563    0.769237   -0.437117    -1.29156    0.238371     2.34691     1.05554   -0.508168      0.9885   -0.393911   -0.365165  -0.0161919   0.0114566 -0.00106727    0.500659    0.586907    0.353214    -2.85463    0.417313   -0.413205    0.469418    -0.45478   -0.834706    -1.28409    0.339288   -0.890158     2.19627    -47.0987    -4.09202     20.3738    0.493696     1.62251  -0.0481387  1.9984e-15    -43.6533    -6.29451     18.3257    0.705366     1.78054  -0.0148641
    1.17039    0.778914    -0.44126    -1.29558    0.238392     2.34693     1.05554   -0.526145    0.963873   -0.413358   -0.407433   0.0021334  0.00195988 0.000620973    0.505485    0.582053    0.344884    -2.86736    0.430452   -0.414006    0.479311   -0.494085   -0.830949    -1.28883    0.365852   -0.943862     1.23222    -43.7226    -5.19889     19.9493    0.333479     1.74244  -0.0865909 9.99201e-16    -43.7496    -6.43124     18.2583    0.707147     1.77882  -0.0140674
    1.16507     0.78845   -0.445542     -1.2999     0.23838     2.34695     1.05554    -0.52891    0.946792   -0.429065   -0.453041  0.00181435  0.00246364  0.00167647    0.510327    0.576906    0.336575    -2.88017    0.444032   -0.414781    0.478808   -0.525061   -0.833144    -1.30793    0.381349   -0.971969    0.930704    -45.2381    -5.09574     21.0721    0.434187     1.65364   -0.105817 6.66134e-16    -43.8359    -6.57097     18.1865    0.708895     1.77674  -0.0132589
     1.15991     0.797957    -0.450086     -1.30463     0.238359        2.347      1.05554    -0.520015     0.935519    -0.459735    -0.483657 -0.000831869   0.00974752 -0.000171446     0.515102     0.571517     0.328194     -2.89322     0.457894    -0.415552     0.477451    -0.551958    -0.828436     -1.32389     0.372793    -0.990093      1.43455     -46.0712     -4.74662      19.8977     0.582502      1.44581   -0.0673648  1.77636e-15     -43.9123     -6.71667      18.1091     0.710653      1.77427   -0.0124286
     1.15452     0.807123    -0.454889     -1.30972      0.23837      2.34709      1.05554    -0.544491     0.900654    -0.486557     -0.50321  1.07288e-05   0.00794429   0.00101994      0.52002     0.565695     0.319989     -2.90609      0.47264    -0.416428     0.492617     -0.59252    -0.802481     -1.31196     0.359561     -1.04077      2.60093     -42.7466     -4.67124      18.9258     0.481794      1.28834   -0.0929996 -1.11022e-16     -43.9748     -6.86625      18.0276     0.712392      1.77145   -0.0115986
     1.14901      0.81605    -0.459985     -1.31512     0.238367      2.34724      1.05554     -0.54981     0.882745    -0.519999    -0.549373 -0.000342218    0.0225123  -0.00048016     0.525022       0.5595     0.311927     -2.91885     0.488049    -0.417516     0.499238     -0.63145    -0.797577     -1.32706     0.352527     -1.08043      1.43455     -46.2418     -5.22269      20.4214     0.511091      1.48335   -0.0673648   1.9984e-15     -44.0249     -7.02084      17.9416     0.714189      1.76826   -0.0107655
     1.14341     0.825009    -0.465405     -1.32092     0.238351      2.34746      1.05554    -0.571846     0.890619     -0.53989    -0.586933  0.000389333    0.0147861 -0.000134826     0.530098     0.552901     0.303787     -2.93182      0.50419     -0.41871      0.50748    -0.674729    -0.811529     -1.36848     0.377248     -1.12985       1.5377      -45.972     -5.22269       20.473     0.611799       1.5218   -0.0545474  2.10942e-15     -44.0652     -7.18302      17.8489     0.716044      1.76463  -0.00990891
     1.13782      0.83363    -0.470973     -1.32697      0.23835      2.34771      1.05554    -0.553949     0.847037    -0.556799    -0.613133 -0.000800409    0.0266064  0.000848723     0.535123     0.546052     0.295872     -2.94453      0.52073    -0.419934     0.493815    -0.690233    -0.780892     -1.34294     0.359473     -1.13105     0.652995     -42.5284     -6.12723      19.3979     0.618208      1.47694   -0.0801822  2.55351e-15     -44.0931      -7.3473      17.7528     0.717867      1.76068  -0.00905947
    1.13234    0.842121   -0.476791    -1.33337    0.238334       2.348     1.05554   -0.552214    0.841195   -0.590839   -0.644729 0.000329838   0.0236258 0.000515568    0.540061     0.53895    0.288008    -2.95731    0.537607   -0.421195     0.49381   -0.724195   -0.777681    -1.36872    0.361558    -1.16366      1.5615     -46.706    -5.09574     20.0961    0.718916     1.42659  -0.0801822  1.4988e-15      -44.11    -7.51697     17.6512    0.719713     1.75631 -0.00819775
    1.12658    0.850448    -0.48296    -1.34004    0.238332     2.34838     1.05554   -0.574833    0.811394   -0.612916   -0.675788  0.00133025   0.0420966 -0.00090931    0.545169    0.531366      0.2803    -2.96989    0.555484   -0.422758    0.502857   -0.764709   -0.756275    -1.35562    0.344774    -1.20842     2.62474    -44.9484    -5.47263     18.9258    0.695112     1.27552    -0.04173 2.05391e-15    -44.1151    -7.69317     17.5444    0.721668     1.75156 -0.00733469
    1.12082    0.858488   -0.489441    -1.34719    0.238317     2.34882     1.05554   -0.569433    0.779764   -0.648672   -0.721921 1.63964e-05    0.045017 0.000608795    0.550267    0.523403    0.272728    -2.98242    0.574063   -0.424411    0.500127   -0.800279   -0.738602    -1.36566     0.33876    -1.24364     1.33537    -43.4052    -6.10343     20.5206    0.789412     1.52821  -0.0737735   4.996e-16    -44.1061    -7.87527     17.4323    0.723661     1.74641  -0.0064639
    1.11488    0.866345   -0.496264    -1.35461    0.238304     2.34933     1.05554   -0.584361    0.796445   -0.678632    -0.74996 -0.00263603   0.0526422 0.000658716    0.555448     0.51501    0.265327    -2.99475    0.593498   -0.426314    0.504414   -0.842554   -0.746982    -1.40365    0.341756     -1.2863     1.00608    -46.4878    -5.52421     19.4494    0.879133     1.28834  -0.0801822  -4.996e-16    -44.0852    -8.06378      17.315    0.725763     1.74086  -0.0055914
     1.10925     0.874123    -0.503288     -1.36248     0.238278      2.34997      1.05554    -0.562899     0.757817    -0.700172    -0.780706 -0.000615614    0.0712648  -0.00117079     0.560399     0.506453     0.257936     -3.00718      0.61302    -0.428197     0.488349     -0.85806    -0.717243     -1.38167     0.320805     -1.28681     0.474467     -45.2381     -7.08335      18.7234     0.979841       1.2444   -0.0344058  5.55112e-16     -44.0531     -8.25779      17.1913     0.727874      1.73487  -0.00470626
    1.10352    0.881492   -0.510522    -1.37065    0.238273     2.35074     1.05554   -0.572672    0.725907    -0.72896   -0.830953 -0.00175475   0.0739476 0.000811391    0.565339     0.49757    0.250857    -3.01915    0.633215   -0.430242    0.488156   -0.900779   -0.700396    -1.39117    0.322151    -1.33558     2.37083    -43.0402    -5.65116     19.6478    0.967939     1.50257  -0.0737735 7.21645e-16    -44.0076    -8.45464     17.0644    0.730032     1.72861 -0.00383728
    1.09757    0.888647   -0.518237    -1.37922    0.238259      2.3516     1.05554   -0.599767    0.705972   -0.776827   -0.848979 -0.00194933    0.097387 0.000890132    0.570407    0.488142    0.243975    -3.03093    0.654563    -0.43266     0.50477   -0.951017   -0.670787    -1.38529    0.278136    -1.39655     2.19627    -45.6546    -5.67496     19.4256     1.02653       1.162  -0.0737735  1.4988e-15     -43.948    -8.66038     16.9314    0.732382     1.72193 -0.00296411
     1.0917    0.895672   -0.526146    -1.38829    0.238244     2.35244     1.05554   -0.586577    0.695939   -0.787949   -0.899358 -0.00342936   0.0936648 -0.00147558     0.57532    0.478395    0.237114     3.03177   -0.674023    0.433272     0.48306   -0.976494   -0.671973    -1.41248    0.307114    -1.40893    0.375285    -45.9482    -8.19022     18.6996     1.05675      1.3387  -0.0279971 1.11022e-16    -43.8759    -8.87139     16.7919    0.734676     1.71475  -0.0020721
    1.08579     0.90243   -0.534288    -1.39778    0.238232     2.35328     1.05554   -0.577763    0.660346   -0.799444   -0.969544  0.00126965   0.0815787 -0.00113263    0.580152     0.46829    0.230435     3.01151   -0.689292    0.430854    0.461867    -1.00906   -0.663867    -1.42752    0.346698     -1.4426     1.46232     -43.187    -6.38114     19.8739    0.949629     1.54652  -0.0279971 1.72085e-15    -43.7906    -9.08692     16.6475    0.736983     1.70716 -0.00117777
     1.08005     0.908846    -0.542643     -1.40791     0.238205      2.35406      1.05554    -0.574792     0.632595    -0.840204     -1.03474  -0.00267666    0.0694021  0.000875454     0.584767     0.457889     0.223885      2.99089    -0.704613      0.42809     0.452885     -1.05597    -0.651198      -1.4621     0.363151     -1.49629      1.38694     -43.4329     -6.78184      19.6994      1.12175      1.42659   -0.0737735  3.88578e-16     -43.6894     -9.30683      16.4973     0.739205      1.69908 -0.000269693
    1.07408    0.914949   -0.551303    -1.41846    0.238183     2.35482     1.05554   -0.596845    0.598943   -0.878542    -1.05354 -0.00788192   0.0860734 0.000915566    0.589393    0.446989    0.217573     2.96985   -0.720591     0.42531    0.458734    -1.09941   -0.612143    -1.44821    0.323475    -1.54591     2.09312    -44.1907    -7.78953     17.6761     1.18675      1.0677  -0.0801822 1.33227e-15    -43.5739      -9.532     16.3422     0.74147     1.69059 0.000638649
    1.06809     0.92096    -0.56023    -1.42981    0.238135      2.3555     1.05554   -0.601205    0.608578   -0.903977     -1.1479 -0.00330903   0.0706843 -0.00117443    0.593853    0.435576    0.211193     2.94799   -0.736872    0.421931    0.438887    -1.15862   -0.637962    -1.52146    0.395199    -1.61326     1.99394     -45.607    -7.41263     21.5719     1.10435     1.50898    -0.04173 2.60902e-15    -43.4421    -9.76455     16.1779    0.743617     1.68135  0.00158384
     1.06194     0.926756    -0.569466     -1.44186     0.238046      2.35602      1.05554    -0.612882      0.56264    -0.931212     -1.21913  -0.00773043    0.0547794 -0.000544299     0.598207     0.423593     0.204885      2.92535    -0.753691     0.418091     0.425752     -1.21013    -0.615326     -1.53757     0.421147     -1.67844      1.10527     -42.5522     -7.53562      17.2516      1.01463      1.30665     -0.04173  2.96985e-15     -43.2933     -10.0039      16.0056      0.74568      1.67143   0.00255557
    1.05612    0.932211   -0.578747    -1.45462     0.23793     2.35648     1.05554   -0.574027    0.549355   -0.920362     -1.2888  -0.0117049   0.0438133 0.000609506    0.602156    0.411449    0.198685     2.90248   -0.770226    0.413664     0.37564    -1.21822   -0.621887    -1.56205    0.484435    -1.67044   0.0936073    -44.3097      -9.551     20.6991     1.15104     1.81202  -0.0673648 1.85962e-15    -43.1282    -10.2444     15.8276    0.747519     1.66093  0.00354056
     1.05006     0.937488    -0.588354     -1.46811     0.237832      2.35676      1.05554    -0.625591     0.518678     -0.96944     -1.36116  -0.00232854     0.027737 -0.000425852     0.605993     0.398649     0.192546      2.87872    -0.787501     0.408638     0.380844     -1.30475    -0.601721     -1.58744     0.507629     -1.79867      3.58482     -43.1116     -6.65488      18.5766     0.736311      1.35151     -0.04173 -8.32667e-17     -42.9452      -10.492      15.6407     0.749211      1.64966   0.00455394
     1.0439    0.942504   -0.598428    -1.48245    0.237741     2.35694     1.05554   -0.603863    0.510234    -1.02169    -1.45041 -0.00487385   0.0138797  0.00141676    0.609673    0.385201    0.186542     2.85408   -0.805473    0.403206    0.351202    -1.35703   -0.599268    -1.64816    0.546845    -1.85973     1.20841    -44.2145    -8.36875     19.8501    0.778425     1.55293  -0.0801822 2.22045e-15    -42.7408    -10.7485     15.4445    0.750846     1.63761  0.00559135
     1.03762     0.947458    -0.608795     -1.49765     0.237651      2.35707      1.05554    -0.640758     0.490795     -1.04451     -1.51139  -0.00359015    0.0175206 -0.000665001     0.613102     0.371132     0.180523      2.82849    -0.823918     0.397114     0.336872     -1.42055     -0.58336     -1.66024     0.568498      -1.9441      1.79161     -44.2145     -8.59489      17.5491      1.02653      1.01094     -0.04173 -3.10862e-15      -42.517     -11.0122      15.2372     0.752318      1.62465   0.00666175
    1.03131    0.952305   -0.619501    -1.51388    0.237573     2.35731     1.05554   -0.613086    0.491844    -1.08656    -1.65029  -0.0132196   0.0218252  0.00119876    0.616216    0.356438      0.1745     2.80199   -0.842827    0.390453    0.289247    -1.48261   -0.601489    -1.74478    0.639192    -2.00973    0.422892    -42.7466    -8.14262     20.0961     1.13914      1.3387  -0.0801822 2.16493e-15    -42.2706    -11.2838     15.0176    0.753676     1.61076  0.00776092
    1.02491    0.956944   -0.630677    -1.53071    0.237518     2.35773     1.05554   -0.633822    0.449084    -1.12346    -1.70648  -0.0171221   0.0477958 0.000692167     0.61912    0.341189    0.168758     2.77489     -0.8623    0.383852    0.271064    -1.53545   -0.559586    -1.73105    0.616184    -2.07767     1.91459    -42.2071    -9.02335     17.8744     1.25816    0.884594  -0.0609561 1.02696e-15    -42.0044    -11.5629     14.7899    0.755177     1.59628  0.00885663
   1.01815   0.961553  -0.642443   -1.54823   0.237531    2.35832    1.05554  -0.681718   0.461856   -1.18362   -1.75039 0.00155132  0.0666429 0.00145197   0.621878   0.325118   0.163212    2.74677  -0.882787   0.377184   0.261443   -1.61846  -0.539443   -1.75298   0.605415   -2.19884    3.61259   -43.5044   -8.29337    17.3745   0.766523   0.815014 -0.0929996 1.4988e-15   -41.7166   -11.8527    14.5509   0.756851    1.58103 0.00996001
    1.01117    0.966137   -0.654648    -1.56586    0.236949     2.35989     1.05546   -0.684487    0.481508    -1.19687    -1.70025    -0.11214     0.19718  -0.0237187    0.624519    0.308634    0.158108     2.71851   -0.902838    0.372044    0.245336    -1.61343   -0.493209    -1.77652    0.467193    -2.05197    0.930704    -43.7226    -11.7647     11.9552     3.87108    -1.77135    0.654986 7.28584e-16     -41.416    -12.1482     14.3063    0.759471     1.56548    0.011028
    1.00444    0.970601   -0.666303    -1.58213    0.236067     2.36278     1.05554   -0.698204    0.477616    -1.14988    -1.65212   -0.116191    0.304317  0.00328198    0.626904    0.293044    0.153729     2.69243   -0.921382     0.36918    0.217471    -1.58491   -0.456976    -1.67716    0.372349    -2.00604     1.68846    -42.9648    -11.5386        17.2     1.44768     1.20594  -0.0865909 2.37657e-15    -41.1298    -12.4276     14.0742    0.763058     1.55119    0.011954
    0.997292     0.975743    -0.678274     -1.59865     0.235363      2.36601      1.05554    -0.747674     0.479572     -1.21136     -1.64005   -0.0592593     0.323012 -0.000653793     0.629054     0.276812     0.149226      2.66541    -0.940253     0.366121     0.214767     -1.64455    -0.410128     -1.64139      0.31688     -2.11679      5.56053     -41.2073     -6.45652      20.2984     0.985334     0.827831   -0.0801822 -1.38778e-16     -40.8331     -12.7173      13.8275     0.766916      1.53609     0.012897
   0.989918    0.980657   -0.691044    -1.61536    0.234837     2.36989     1.05554   -0.732041    0.475373    -1.27505     -1.6789  -0.0365482    0.401097 0.000861961    0.631143    0.260024    0.145337      2.6381   -0.960081    0.364193    0.188021    -1.67705   -0.369629    -1.63105    0.238048    -2.14979    0.625224    -39.3228    -11.5108     12.5821    0.949629   -0.181996  -0.0865909 1.42941e-15    -40.5194    -13.0171     13.5773     0.77167     1.52119   0.0137805
    0.982321     0.985614    -0.703908     -1.63198     0.234268      2.37455      1.05553    -0.756139     0.495984     -1.28782     -1.63727   -0.0602712     0.484395  -0.00166766     0.632993     0.243073     0.141794      2.61099    -0.979806     0.363069     0.171021     -1.68595    -0.332414     -1.61867     0.148532     -2.11243     0.549845     -43.9209      -11.011      15.3552      1.56578     0.133861   -0.0215884 -5.27356e-16     -40.1996     -13.3165      13.3253      0.77714      1.50648    0.0146111
   0.974744    0.990588    -0.71676    -1.64817     0.23376     2.37993     1.05554   -0.760899    0.515787    -1.28885    -1.58297  -0.0555433    0.557126  0.00243198    0.634587    0.226296    0.138673     2.58454   -0.999111    0.362931    0.148802    -1.67193   -0.296305    -1.57983    0.063039    -2.06858     2.57316    -41.0129    -9.80094     13.0819     1.42937   -0.257984  -0.0801822 4.57967e-16    -39.8797    -13.6123     13.0754    0.783361     1.49231   0.0153704
    0.966782       0.9956    -0.730064     -1.66364     0.233365      2.38617      1.05553    -0.781699     0.505537     -1.31904     -1.53632    -0.021732     0.646698 -0.000589809     0.636216     0.209355     0.136206      2.55847     -1.01875     0.364524     0.140969     -1.67639    -0.236158     -1.51184   -0.0686359     -2.06408      3.13255     -40.6916     -12.2408      13.8794      1.00914     0.455211   -0.0481387  2.72005e-15     -39.5603     -13.9119      12.8297     0.790864      1.47897    0.0160363
   0.958561      1.0009   -0.743353    -1.67834     0.23283     2.39326     1.05553   -0.815654    0.520381    -1.34817    -1.41395  -0.0468746    0.708446 0.000435297     0.63772    0.192519    0.134107     2.53293    -1.03775    0.367452    0.148532     -1.6666   -0.169957    -1.48905   -0.211365    -2.00154     2.52555     -41.965    -12.1178     11.1816     1.03294    0.663952  -0.0673648 3.52496e-15    -39.2477    -14.2093     12.5866    0.799444     1.46613   0.0166343
    0.950336      1.00623    -0.756591     -1.69183     0.231976      2.40098      1.05554    -0.818191     0.529057     -1.31101     -1.31102   -0.0794191      0.77451  0.000292611     0.639177      0.17617     0.132608      2.50847      -1.0556     0.372084     0.133264     -1.61246    -0.131129     -1.44592    -0.298161     -1.87088     0.248331     -39.3228     -12.2686      11.0824      1.38817     0.537609   -0.0673648 -5.27356e-16     -38.9487     -14.5008      12.3546     0.809159       1.4541    0.0171463
    0.94196     1.01151   -0.769916    -1.70391    0.230625     2.40888     1.05553   -0.856479    0.513588    -1.33729    -1.14956   -0.144582    0.802149 -0.00112883    0.640688    0.160207    0.131783      2.4848    -1.07237     0.37822    0.155488    -1.58587  -0.0459585    -1.42913   -0.442728    -1.76676     4.31877     -39.422    -12.2686     9.65818     1.86241    0.430492    -0.04173 3.88578e-16    -38.6652    -14.7876     12.1361    0.819864     1.44263   0.0175889
   0.933447     1.01675   -0.783125    -1.71439    0.228618     2.41693     1.05554   -0.853656    0.532016    -1.31605    -1.00713   -0.210445    0.795507 0.000789005    0.642287     0.14481    0.131595     2.46217    -1.08768    0.385877    0.151296     -1.5261 -0.00569212    -1.43421   -0.489202    -1.62311     1.58927    -39.9616    -14.6569     10.2334     2.09312    0.808605  -0.0801822 3.05311e-16    -38.4032    -15.0662     11.9341    0.831485     1.43174   0.0179628
    0.925093      1.02222    -0.795782     -1.72325      0.22587       2.4251      1.05553    -0.849936     0.537846     -1.24173    -0.838022    -0.286404     0.828056 -0.000769305     0.643842     0.130317     0.131709      2.44086     -1.10057     0.394568     0.153146     -1.42776    0.0287812      -1.3953    -0.552082     -1.40277     0.347514     -39.9616     -14.5061      10.0113      2.12883       0.5312   -0.0481387  4.57967e-15     -38.1682     -15.3325      11.7453     0.843669      1.42102    0.0182969
   0.916708     1.02759   -0.807959    -1.73041    0.222287     2.43377     1.05554   -0.837059    0.523889    -1.21501   -0.671392   -0.368079    0.899763 0.000918609     0.64555    0.116691    0.132342     2.42122    -1.11134    0.404981    0.174051    -1.33951   0.0894659    -1.36624   -0.686553    -1.17563     2.80326    -38.0057    -13.6016     8.33707     2.23594    0.253795  -0.0801822 3.38618e-15     -37.962    -15.5846     11.5757    0.856809     1.41101   0.0185571
    0.908494      1.03274    -0.819471     -1.73597     0.217763      2.44287      1.05553    -0.819917     0.525477     -1.12651    -0.511248    -0.468179      0.91291 -0.000620946     0.647375     0.104119     0.133411      2.40346     -1.11962     0.416866     0.177914        -1.23     0.109954     -1.34543    -0.705021    -0.928707      0.87913     -39.1046     -16.2914      9.70975      2.52617     0.304149   -0.0545474  6.66134e-16     -37.7851      -15.819      11.4262     0.870686      1.40159    0.0187551
    0.90048     1.03776   -0.830224    -1.73995    0.212169     2.45215     1.05554    -0.76741    0.491164    -1.05626   -0.365412   -0.575097    0.938737 0.000721873    0.649306   0.0926221    0.134784     2.38745    -1.12516    0.429817    0.188442    -1.10421    0.148593    -1.31407   -0.754165   -0.654739   -0.814901    -38.2755    -15.5892      9.1345     2.41356    0.291332  -0.0801822  -1.249e-15    -37.6387    -16.0352     11.2953    0.885005     1.39235   0.0189178
   0.892998     1.04238   -0.840182    -1.74256    0.205509     2.46163     1.05554   -0.739701    0.448836   -0.985672    -0.23578   -0.686832    0.942207  0.00040099    0.651327   0.0824002    0.136488     2.37351    -1.12781    0.443816    0.200215    -1.00038    0.182099    -1.28852    -0.77301   -0.422749    0.700602    -36.0974    -16.6961     10.0589     2.52617    0.524792  -0.0737735 3.35842e-15    -37.5201    -16.2308     11.1848    0.899663      1.3834    0.019043
    0.885666       1.0468    -0.849364     -1.74406     0.197904      2.47156      1.05553    -0.734764     0.440841    -0.891568    -0.134758    -0.774391     0.996149 -0.000991985     0.653446    0.0730924     0.138364       2.3612     -1.12808     0.458695     0.205487    -0.913342     0.183975     -1.26174    -0.780243    -0.206895      2.27165     -39.3506     -16.4184      10.2334      2.20573     0.669445     -0.04173   -2.498e-15     -37.4262     -16.4087      11.0893     0.914765      1.37456    0.0191404
   0.878553     1.05097   -0.857651    -1.74485    0.189737     2.48169     1.05554   -0.705895    0.407516   -0.806149  -0.0612399   -0.830374      1.0029 0.000824051    0.655531   0.0646427    0.140241     2.35035    -1.12652    0.473663    0.203838   -0.823628    0.188692    -1.21169   -0.762366  -0.0388619   -0.386434    -37.9541    -16.9222     10.2572     1.88621    0.448803  -0.0865909 2.77556e-15    -37.3517    -16.5677     11.0056    0.929826     1.36583   0.0192233
    0.872062      1.05477     -0.86493     -1.74496     0.181468      2.49182      1.05554    -0.637748     0.370514    -0.707126  -0.00354368    -0.810169      1.01074 -0.000944152     0.657552    0.0573524     0.142091      2.34138     -1.12331     0.488495     0.196801    -0.707686     0.184144     -1.10282    -0.753565     0.118496    -0.513387     -36.3434     -17.6244      9.93589      1.63719     0.468029   -0.0344058  1.36002e-15     -37.2968     -16.7057      10.9355     0.944506      1.35766      0.01928
    0.865814      1.05808     -0.87156     -1.74487     0.173494      2.50196      1.05554    -0.630523     0.316339    -0.668764    0.0100602    -0.786182      1.01483 -7.67632e-05     0.659492    0.0506642     0.143982      2.33356     -1.11985     0.503001     0.193236    -0.671587     0.199573     -1.02348     -0.76719     0.148301      1.96617     -36.9544      -15.133      10.1343      1.19316     0.594372   -0.0673648  4.91274e-15     -37.2507     -16.8283      10.8758     0.958879      1.35023     0.019302
   0.859913     1.06089   -0.877672    -1.74479    0.165894     2.51219     1.05554    -0.57387    0.264754   -0.598722  0.00800785    -0.76547     1.01785 0.000120888    0.661325   0.0445181    0.145916     2.32677    -1.11629     0.51723    0.178719   -0.595488    0.196053    -0.93414   -0.746949     0.23371  -0.0571495    -37.4185    -17.5252     10.5072     1.39458     1.02925  -0.0673648 3.96905e-15    -37.2087    -16.9378     10.8247    0.973005     1.34353   0.0192898
   0.854301     1.06329   -0.883176    -1.74464    0.158779     2.52225     1.05554   -0.566067    0.225387   -0.530165   0.0163908   -0.694958    0.987117 -0.00122891    0.663044   0.0389085    0.147807     2.32094    -1.11275     0.53088    0.166657    -0.55349    0.187347    -0.82248   -0.720982    0.224968    0.422892     -36.637    -17.1484     10.0351     1.20506    0.720714  -0.0344058  3.2474e-15     -37.173     -17.034     10.7813    0.986613     1.33755   0.0192515
   0.849154     1.06528   -0.888037    -1.74444    0.152305     2.53168     1.05554   -0.495558    0.191692   -0.461376   0.0236747   -0.634483    0.924232 0.000565136    0.664607   0.0339271    0.149605       2.316     -1.1094    0.543484    0.149726   -0.473651    0.172778   -0.724798   -0.666619    0.261303   -0.311056    -36.8076    -16.9976     9.98349     1.08604     1.01094  -0.0801822 2.83107e-15    -37.1431    -17.1166     10.7459    0.999215     1.33231   0.0191983
   0.844449     1.06693   -0.892333    -1.74419    0.146538      2.5405     1.05554    -0.46265    0.152893   -0.414228   0.0217682   -0.555976    0.870106  0.00127038    0.666028   0.0295041    0.151303     2.31185    -1.10635    0.555107    0.137196   -0.430482    0.167716     -0.6244   -0.639948    0.236988    0.474467    -36.7322     -17.549      10.408     1.23985     1.31306  -0.0929996 3.05311e-16    -37.1181    -17.1878     10.7169     1.01086      1.3278   0.0191301
   0.839833     1.06819   -0.896111    -1.74395    0.141344     2.54907     1.05554   -0.453983    0.117247    -0.36202     0.02459     -0.5054    0.840785 0.000674899    0.667361   0.0253972    0.152956     2.30836    -1.10387      0.5661    0.128856   -0.398456    0.161716   -0.538373   -0.620972    0.226996      1.5615    -36.6608    -16.5176     9.95969     1.40007     1.17482  -0.0801822 1.38778e-15    -37.0971    -17.2478     10.6949      1.0219     1.32415   0.0190345
   0.835479     1.06913   -0.899409    -1.74361    0.136573     2.55725     1.05554   -0.416772   0.0900278   -0.315506    0.034721   -0.466094    0.799262  0.00130149    0.668621   0.0217188    0.154554     2.30555    -1.10157    0.576489    0.121457   -0.349469    0.154934   -0.468864   -0.593884    0.245533    0.248331    -37.0496    -17.4261     9.65818     1.49528     1.20594  -0.0929996 5.82867e-16    -37.0813    -17.2977     10.6794     1.03227     1.32115   0.0189231
    0.831498      1.06975    -0.902052     -1.74309     0.131932      2.56469      1.05554    -0.385267    0.0569481    -0.246131    0.0630037    -0.450841     0.717093 -0.000902255     0.669792    0.0186273     0.156023       2.3035     -1.09895     0.585917     0.114848    -0.290439     0.142514    -0.398145    -0.527472      0.27256    -0.132528     -36.8076     -18.0767      9.53519      1.35246      1.36982   -0.0481387  3.84415e-15     -37.0734     -17.3347      10.6715      1.04158      1.31853    0.0188188
    0.827712      1.07007    -0.904055     -1.74236     0.127564      2.57136      1.05554    -0.372444    0.0255262    -0.188389     0.070958    -0.424968     0.636411 -0.000544401     0.670889    0.0159927     0.157362      2.30209     -1.09645     0.594322     0.104549    -0.256442     0.129074    -0.331618    -0.462223     0.252803      0.49827      -37.125     -17.5252      9.86051      1.06224      1.54011   -0.0609561  1.19349e-15     -37.0736     -17.3595       10.671      1.04979      1.31645    0.0187157
    0.824238      1.07004    -0.905546     -1.74161     0.123658      2.57704      1.05554    -0.341104  -0.00932541    -0.140924    0.0729532    -0.372434     0.547323 -8.10476e-05     0.671862    0.0137613     0.158585      2.30112     -1.09439     0.601458     0.093728     -0.21723     0.119676    -0.252685    -0.408278     0.219902     0.474467     -36.0974     -17.1722      10.1581     0.837019      1.59687   -0.0673648  2.17881e-15     -37.0774      -17.374      10.6769      1.05669      1.31491    0.0186171
   0.821044     1.06985   -0.906647    -1.74082    0.120507     2.58192     1.05554   -0.311421  -0.0184542    -0.10564   0.0764207    -0.28898    0.468441 -0.00142197    0.672729   0.0118438    0.159668     2.30049    -1.09304    0.607547   0.0833164   -0.186929    0.104975   -0.178114   -0.366868    0.168883    0.248331    -34.8993    -17.1484     9.73356    0.843428     1.59687    -0.04173 6.80012e-16    -37.0843    -17.3822     10.6859     1.06253     1.31405   0.0185126
    0.81803     1.06961   -0.907492    -1.74006    0.118212     2.58605     1.05554   -0.297291  -0.0297129  -0.0873394   0.0727433   -0.212197    0.392763 0.000173637     0.67349   0.0100892    0.160623     2.29996    -1.09267    0.612665   0.0737492   -0.176322   0.0968334   -0.117076    -0.33529   0.0928067     0.49827    -35.3913    -17.0452     10.5588    0.949629     1.71681  -0.0737735 3.23352e-15    -37.0924    -17.3871     10.6961     1.06743     1.31381   0.0183996
   0.815198     1.06929   -0.908118    -1.73935    0.116695     2.58948     1.05554   -0.276491   -0.035028  -0.0605447   0.0761221   -0.130215    0.322906 0.000276089    0.674149   0.0084767    0.161461     2.29951     -1.0932    0.616858   0.0654199   -0.155643   0.0846748  -0.0500323   -0.305617   0.0338477    0.399088    -35.7086    -17.2475     10.1581     1.00273     1.64173  -0.0801822 1.16573e-15    -37.1008     -17.389     10.7073     1.07144     1.31414   0.0182806
    0.812602      1.06889    -0.908496     -1.73868     0.115872      2.59206      1.05554    -0.249954   -0.0445705   -0.0336278    0.0646387   -0.0668003     0.238045  -0.00065201     0.674694   0.00704948     0.162168      2.29914     -1.09451     0.619977    0.0518305    -0.136497    0.0692112   0.00355714    -0.248992   -0.0271858      0.60142     -35.5103      -17.196      10.4596     0.991743      1.66005   -0.0609561 -1.94289e-15     -37.1099     -17.3875      10.7197      1.07441      1.31495    0.0181638
    0.810346      1.06844    -0.908684     -1.73804     0.115645      2.59371      1.05554     -0.22157   -0.0436074   -0.0115583    0.0626152   -0.0131464     0.143996 -4.74359e-05     0.675126   0.00584748     0.162749      2.29881     -1.09641     0.622032    0.0398749    -0.116755    0.0525275    0.0416061    -0.184928   -0.0833031     0.422892     -35.6571     -17.0968      10.1858     0.961531      1.73603   -0.0673648   2.1233e-15     -37.1193     -17.3836      10.7328      1.07633      1.31606    0.0180567
   0.808404     1.06794   -0.908732    -1.73749    0.115656     2.59449     1.05555   -0.188668  -0.0496176  -0.0020812   0.0549861 0.000259921   0.0555491  0.00168525     0.67544  0.00482357    0.163207      2.2984    -1.09851    0.623048    0.028957  -0.0993209    0.042878    0.050507   -0.117456   -0.117456    0.145182    -35.4151    -17.1484     10.4358    0.949629     1.84956   -0.118634 2.16493e-15    -37.1275    -17.3781     10.7458     1.07729     1.31713   0.0179749
    0.806727      1.06737    -0.908711     -1.73708     0.115671      2.59459      1.05554    -0.164337   -0.0631613   0.00331205    0.0319526   0.00437773  -0.00353808 -0.000919282     0.675648   0.00391612     0.163582      2.29788     -1.10057     0.623223    0.0173073   -0.0913406    0.0365112    0.0557833   -0.0625999    -0.144908   -0.0293785     -35.5103     -17.3745      10.6817     0.937727      1.68568     -0.04173  4.09395e-15     -37.1333     -17.3714      10.7586      1.07753      1.31799    0.0179217
   0.805259     1.06675   -0.908664    -1.73685    0.115675     2.59455     1.05554   -0.142598   -0.060489  0.00631326    0.015434 6.20226e-05 -0.00439018 0.000807525    0.675789   0.0030952    0.163911     2.29737    -1.10254    0.623154   0.0112549  -0.0813662   0.0295232   0.0499845   -0.045927    -0.13236   -0.207906    -35.8277    -17.7752     10.7095    0.961531     1.66005  -0.0994083 1.59595e-15    -37.1363    -17.3644     10.7705     1.07756     1.31877   0.0178783
    0.804013      1.06615     -0.90863     -1.73677     0.115678      2.59442      1.05554    -0.117734   -0.0556035   0.00587633   0.00386973 -0.000168531   -0.0144255 -0.000295589     0.675874   0.00235998     0.164191      2.29687     -1.10431     0.622913    0.0060796   -0.0700502     0.023603     0.042793   -0.0263409    -0.121139      0.32371      -36.149     -17.7276      10.8087     0.979841      1.74244   -0.0673648 -5.41234e-16     -37.1368     -17.3581      10.7807      1.07748      1.31943    0.0178454
   0.802966     1.06565   -0.908575     -1.7368    0.115686     2.59418     1.05554   -0.100963  -0.0504772   0.0104489 -0.00462002  0.00063063  -0.0285623  0.00113924    0.675897  0.00170786    0.164377     2.29635    -1.10587    0.622434 0.000985595  -0.0613291   0.0159466   0.0398376 -0.00444845    -0.11865    0.375285    -36.3196    -17.7752      11.134    0.944136     1.74244  -0.0994083 3.13638e-15    -37.1357    -17.3527     10.7883     1.07723     1.31989   0.0178269
   0.802074     1.06525   -0.908539    -1.73689     0.11571     2.59379     1.05554  -0.0862503  -0.0397739  0.00596536 -0.00699711  0.00360672  -0.0427143 -0.00100158    0.675881  0.00111068    0.164501     2.29577    -1.10727    0.621748 -0.00186259  -0.0565086   0.0111471   0.0292959   0.0126408   -0.116984    0.145182     -36.149    -17.6244     11.4316    0.843428     1.66005  -0.0481387 2.88658e-15    -37.1335    -17.3486     10.7938     1.07683     1.32018   0.0178213
   0.801318     1.06492    -0.90855    -1.73699    0.115757     2.59334     1.05554  -0.0744772  -0.0296716 -0.00107526 -0.00782492  0.00567482  -0.0451858 0.000715184    0.675849 0.000565747    0.164597     2.29516    -1.10856    0.621026 -0.00283109  -0.0532898  0.00899694   0.0190795   0.0157356    -0.11334     0.32371     -36.149    -17.3745     11.3086    0.718916     1.59138  -0.0994083 1.83187e-15    -37.1307    -17.3461     10.7979     1.07639     1.32035   0.0178218
    0.800653      1.06467    -0.908577     -1.73711     0.115827      2.59292      1.05554   -0.0654403    -0.021173 -0.000618137   -0.0111619   0.00473576   -0.0438724 -0.000955742     0.675806  6.21406e-05     0.164665      2.29456     -1.10971     0.620327  -0.00484634   -0.0490229   0.00400542    0.0118938    0.0247208    -0.103686     0.652995     -36.3196      -17.073      11.2848     0.671309      1.55934     -0.04173  -2.1233e-15     -37.1277     -17.3446      10.8005      1.07599      1.32046    0.0178252
    0.800065       1.0645     -0.90859     -1.73726     0.115916      2.59256      1.05554   -0.0615207   -0.0237387  -0.00013988   -0.0174565   0.00660893   -0.0349884  0.000757137     0.675748 -0.000399585     0.164685      2.29399     -1.11075     0.619645  -0.00580153   -0.0473454   0.00403651    0.0152831    0.0189986    -0.100637     0.652995      -36.149     -17.0214      11.2848     0.677717      1.52821   -0.0929996  1.73472e-15     -37.1244     -17.3437      10.8018      1.07562      1.32052    0.0178309
    0.799575      1.06437    -0.908597     -1.73748      0.11602       2.5923      1.05554   -0.0479703   -0.0131012 -0.000361325    -0.022135    0.0103513   -0.0210556  0.000552653     0.675673   -0.0008115     0.164673      2.29348     -1.11165      0.61901  -0.00725778   -0.0401629  -0.00101341    0.0103952    0.0174226     -0.08363     0.422892     -36.0498     -16.9698      11.4316     0.700605      1.52821   -0.0865909  1.06859e-15     -37.1204     -17.3432      10.8018       1.0753      1.32055    0.0178376
    0.799179      1.06427     -0.90861     -1.73775     0.116146       2.5921      1.05554   -0.0412791    -0.012578 -4.91275e-05   -0.0316215    0.0105099   -0.0217012 -7.86645e-05     0.675583   -0.0011801      0.16464      2.29302     -1.11245     0.618418    -0.010397   -0.0388104  -0.00395146   0.00850814     0.025465   -0.0833554     0.450663     -36.2204     -16.9222      11.4593     0.677717      1.51539   -0.0737735  2.94209e-15     -37.1157     -17.3431      10.8009      1.07503      1.32057    0.0178445
    0.798861      1.06421     -0.90863     -1.73808     0.116284      2.59199      1.05554   -0.0302385 -0.000989718  -0.00172978    -0.039044    0.0125646  -0.00924748  0.000897194     0.675479  -0.00151786      0.16458      2.29259     -1.11315     0.617874    -0.012795   -0.0350772  -0.00968262  0.000522153    0.0267012   -0.0722813     0.625224      -36.268     -16.8468      11.5823     0.677717      1.50257   -0.0865909  4.71845e-16     -37.1101     -17.3437      10.7988      1.07482      1.32056    0.0178524
    0.798597      1.06421    -0.908634     -1.73847     0.116457      2.59192      1.05554    -0.024169 -0.000121831  -0.00142687   -0.0377412    0.0153598  -0.00643557  -0.00123065     0.675349  -0.00183879     0.164478      2.29217      -1.1138     0.617292   -0.0122728   -0.0303367  -0.00962291    0.0020386    0.0245322   -0.0634499     0.450663     -36.2918     -16.8944      11.6061     0.653914      1.46504     -0.04173  2.76168e-15     -37.1037     -17.3446      10.7955      1.07461      1.32052    0.0178626
    0.79839      1.0642   -0.908654    -1.73893    0.116656     2.59191     1.05554  -0.0182725 -0.00195976 -0.00230865  -0.0472789    0.018464 -0.00034071 0.000824857    0.675209 -0.00214229    0.164371     2.29176    -1.11443    0.616754   -0.014412  -0.0293128  -0.0104044  0.00410169   0.0221132  -0.0641311    0.399088    -36.2204    -16.7953     11.6061    0.671309     1.44581  -0.0865909 5.13478e-16    -37.0964    -17.3459     10.7916     1.07444     1.32049   0.0178713
    0.798226      1.06418     -0.90869     -1.73936     0.116873      2.59191      1.05554   -0.0155241  -0.00120381   -0.0023012   -0.0447878    0.0224976 -0.000264432 -0.000780088     0.675078  -0.00241615     0.164282       2.2914     -1.11504     0.616276   -0.0137151   -0.0267517   -0.0100437   0.00638629    0.0200631   -0.0608542     0.474467     -36.0498     -16.7437      11.2848     0.688704      1.45863   -0.0481387  1.23512e-15     -37.0891     -17.3473       10.788       1.0743      1.32049    0.0178778
     0.79809      1.06418    -0.908736     -1.73974     0.117096      2.59191      1.05554   -0.0139014 -0.000280276  -0.00324363   -0.0382681    0.0198043 -0.000337155  0.000775112     0.674965  -0.00265766     0.164206      2.29107     -1.11562     0.615874   -0.0116954   -0.0239389  -0.00838843   0.00476196    0.0157946    -0.054785     0.526041     -36.1212     -16.8191      11.2332     0.665815      1.46504   -0.0929996  2.47025e-15     -37.0827     -17.3488      10.7847      1.07418       1.3205    0.0178821
    0.797971      1.06419    -0.908784     -1.74002     0.117339      2.59191      1.05554   -0.0155763   9.3016e-05  -0.00194534   -0.0264239     0.024596 -0.000278731 -0.000623636     0.674879  -0.00285892      0.16415      2.29081     -1.11614     0.615569  -0.00814974   -0.0206317  -0.00591904     0.010257   0.00726064   -0.0494871     0.625224      -36.268     -16.6961      11.1062     0.623701      1.46504   -0.0545474   4.6213e-15     -37.0778     -17.3503      10.7821      1.07409      1.32056    0.0178829
    0.797832      1.06419    -0.908826     -1.74023       0.1176      2.59191      1.05554   -0.0152068  0.000381271  -0.00592335   -0.0166191    0.0260647 -8.75133e-05   0.00067835     0.674818  -0.00304575     0.164115      2.29057     -1.11671     0.615336  -0.00466941   -0.0188362  -0.00174291    0.0105215  -0.00352586    -0.046059     0.752177     -36.2918     -16.7199      11.2094     0.599897      1.46504   -0.0865909  4.10783e-15     -37.0741     -17.3516      10.7802      1.07403      1.32069    0.0178794
   0.797668     1.06418   -0.908878    -1.74035    0.117875     2.59191     1.05554  -0.0134583 -0.00015827 -0.00618224 -0.00577857   0.0256329 0.000267894  -0.0010449    0.674788 -0.00321918    0.164116     2.29039    -1.11729    0.615207 -0.00113418  -0.0140228  0.00150498   0.0120699  -0.0107043  -0.0351502     0.60142     -36.149    -16.6207     10.9594    0.587996     1.45222    -0.04173 2.69229e-15    -37.0718    -17.3526     10.7794       1.074     1.32088   0.0178708
    0.797484      1.06417    -0.908954     -1.74035     0.118174      2.59191      1.05554   -0.0134557 -0.000579974   -0.0102731   0.00400953     0.029169 -7.95026e-05  0.000309368     0.674797  -0.00337971     0.164153      2.29022     -1.11789     0.615208   0.00239418   -0.0125172   0.00604052    0.0140907   -0.0225708   -0.0338004     0.549845     -36.1212     -16.5929      10.6817     0.587996      1.45863   -0.0865909  1.38778e-16     -37.0711     -17.3539      10.7794      1.07403      1.32112    0.0178567
    0.797294      1.06416    -0.909045      -1.7403     0.118478      2.59191      1.05554   -0.0197053 -0.000924549   -0.0121477   0.00340501    0.0333069 -0.000278979 -0.000481653     0.674821  -0.00353612     0.164212      2.29007     -1.11851     0.615263   0.00240225   -0.0177791    0.0068737    0.0156582   -0.0247337   -0.0434268     0.526041     -36.0498     -16.6207      10.3842      0.63011      1.46504   -0.0545474  9.85323e-16     -37.0709     -17.3553      10.7798      1.07408      1.32138    0.0178406
    0.797139      1.06414    -0.909151     -1.74023      0.11873      2.59191      1.05554   -0.0155807  -0.00162925   -0.0106358   0.00967104    0.0183747 -0.000445549  0.000268331     0.674857  -0.00366413      0.16429      2.28995     -1.11903     0.615382   0.00427374   -0.0119479   0.00802286    0.0084416   -0.0224779   -0.0257937     0.422892      -35.903     -16.5929      10.3088     0.671309      1.47145   -0.0801822  2.69229e-15     -37.0709     -17.3566      10.7807      1.07416      1.32162    0.0178245
    0.797029      1.06409    -0.909305     -1.74014     0.118888      2.59191      1.05554  -0.00911927  -0.00727536   -0.0185119   0.00738351    0.0186002 -0.000404724  -0.00101071     0.674909  -0.00376821     0.164407      2.28984     -1.11942     0.615598   0.00505951   -0.0110675    0.0134156   0.00720661   -0.0290779    -0.023863      0.32371     -35.8277     -16.4184       10.285     0.677717      1.46504   -0.0481387  3.81639e-15     -37.0708     -17.3583      10.7821      1.07429      1.32179    0.0178096
    0.796982      1.06402    -0.909499     -1.74001     0.118971      2.59191      1.05554 -0.000536272  -0.00917224   -0.0229203    0.0161285   0.00361957 -0.000242122 -0.000412631     0.674976  -0.00383456     0.164554      2.28975     -1.11968     0.615909   0.00851206  -0.00377424    0.0183178  -0.00238356   -0.0332318  -0.00258279     0.172953      -36.026     -16.6207      10.3088     0.695112      1.45863   -0.0609561  5.13478e-16     -37.0708     -17.3602      10.7839      1.07447      1.32191    0.0177956
    0.796999      1.06393    -0.909714      -1.7399     0.118994      2.59191      1.05554   0.00221232  -0.00915471   -0.0221357   0.00843416  0.000578545 -3.83484e-05  0.000228105     0.675043  -0.00386919     0.164715      2.28968     -1.11982     0.616256   0.00602576  -0.00411053    0.0159233  -0.00511412   -0.0265366  -0.00326523  -0.00557482     -35.9268     -16.6961      10.6579      0.68321      1.46504   -0.0801822 -3.46945e-16     -37.0703     -17.3623      10.7858      1.07467      1.32197    0.0177834
    0.797037      1.06382    -0.909934     -1.73982     0.118999      2.59191      1.05554   0.00617811   -0.0115872   -0.0192332   0.00827306  0.000543412 -0.000283294 -0.000549882     0.675104   -0.0038976     0.164883      2.28963     -1.11994     0.616595   0.00595026  3.67182e-05     0.015772  -0.00180549   -0.0256218   0.00245717     -0.23171     -35.7801     -16.6207      10.6579     0.653914      1.46504   -0.0545474  3.15026e-15     -37.0693     -17.3642      10.7879      1.07486      1.32203    0.0177718
    0.797094      1.06366    -0.910143      -1.7398     0.119001      2.59191      1.05554   0.00845211    -0.020645   -0.0210676   0.00235569 -0.000135032 -3.08277e-05  0.000598628     0.675153  -0.00392109     0.165053      2.28958     -1.12009     0.616907   0.00536669 -9.11827e-05    0.0192458   0.00231306   -0.0295451 -0.000549083    -0.311056     -35.7562     -16.6961      10.6341     0.677717      1.45222   -0.0865909  2.45637e-15     -37.0674     -17.3656      10.7902      1.07503      1.32212    0.0177596
    0.797142      1.06346    -0.910322     -1.73981     0.119003      2.59191      1.05554   0.00451995   -0.0252789   -0.0191095  -0.00756408 -0.000242961 -0.000288807 -0.000495256      0.67519  -0.00394732     0.165219      2.28956     -1.12028     0.617164   0.00254319  -0.00470092    0.0179425   0.00485166   -0.0236585  -0.00964289    -0.156332     -35.8277     -16.8468      10.8087     0.695112      1.46504   -0.0609561 -3.96905e-15      -37.065     -17.3663      10.7929      1.07516      1.32224    0.0177472
    0.797159      1.06324    -0.910467     -1.73982        0.119      2.59191      1.05554   0.00158529   -0.0242759   -0.0143873  -0.00014201 -0.000446258 -5.53309e-05 -0.000819345     0.675227  -0.00397522     0.165381      2.28956     -1.12049     0.617399   0.00427909   -0.0022583    0.0174458   0.00811652   -0.0251107  -0.00464197  -0.00557482     -35.9506     -16.6961      10.8841     0.718916      1.45863   -0.0481387  1.65146e-15      -37.063     -17.3662       10.796      1.07527      1.32241    0.0177337
    0.797148      1.06298    -0.910584     -1.73982     0.118998      2.59191      1.05554  -0.00751742   -0.0265782    -0.011668  0.000387057   5.9198e-05 -0.000199426  0.000281191     0.675272  -0.00399947     0.165555      2.28959     -1.12074      0.61764   0.00438214   -0.0068023    0.0175065     0.012026   -0.0261853   -0.0133027     0.121378     -35.9506     -16.7199      10.7849     0.736311      1.46504   -0.0801822  2.35922e-15     -37.0615     -17.3654      10.7999      1.07537      1.32263    0.0177173
    0.797133      1.06272    -0.910693     -1.73981     0.118991      2.59191      1.05554  -0.00454462   -0.0262724   -0.0101787  0.000657776 -0.000323966  0.000451676  0.000760764     0.675317   -0.0040214     0.165725      2.28964     -1.12098      0.61788   0.00434375  -0.00405008    0.0168477    0.0126464   -0.0258578  -0.00913824     0.272135     -35.9268     -16.7715      10.6579     0.783918      1.44581   -0.0929996 -5.68989e-16     -37.0602     -17.3644      10.8039      1.07546      1.32286    0.0177012
    0.797117      1.06245      -0.9108      -1.7398     0.118993      2.59191      1.05554  -0.00221956   -0.0252409   -0.0119647  6.22563e-05  0.000169335  0.000343136  -0.00096779     0.675361   -0.0040449     0.165898      2.28968     -1.12124      0.61811   0.00421477  -0.00359177    0.0169623    0.0107359   -0.0248943  -0.00714393      0.32371     -35.9744     -16.6961      10.6579     0.778425      1.45222   -0.0545474 -4.71845e-16     -37.0587     -17.3634       10.808      1.07555       1.3231    0.0176845
     0.79711      1.06219    -0.910898     -1.73982     0.118992      2.59191      1.05554 -0.000220089   -0.0289668   -0.0108539  -0.00142358 -0.000323449  6.22526e-05  0.000355577     0.675396  -0.00406588     0.166059      2.28973     -1.12149     0.618313   0.00404632  -0.00183393    0.0178171    0.0137081   -0.0261475  -0.00652287      0.32371     -36.0498     -16.7953      10.8325     0.783918      1.47145   -0.0737735  5.46785e-15      -37.057     -17.3623      10.8118      1.07562      1.32333    0.0176692
    0.797106      1.06195    -0.910996     -1.73985      0.11899      2.59191      1.05554 -0.000155143   -0.0222551   -0.0118155  -0.00212619  8.29046e-05 -0.000898635 -0.000843444     0.675426  -0.00409129     0.166207      2.28976     -1.12173     0.618495    0.0030518  -0.00332088    0.0148224   0.00818491   -0.0202622   -0.0073578     0.295939     -36.0022     -16.6961      11.1062     0.766523      1.45863   -0.0545474 -4.16334e-16     -37.0551     -17.3614      10.8152      1.07569      1.32353    0.0176555
    0.797103      1.06171    -0.911084     -1.73989     0.118988      2.59191      1.05554  0.000324038   -0.0231303   -0.0103365  -0.00817943 -0.000459729  0.000146239 -0.000146577     0.675448  -0.00411765     0.166342      2.28978     -1.12195     0.618648   0.00119142  -0.00420643    0.0130714   0.00853702   -0.0166824  -0.00987149     0.295939      -36.026     -16.7199      11.3562     0.789412      1.45863   -0.0673648 -2.33147e-15     -37.0531     -17.3605      10.8183      1.07575      1.32371     0.017643
    0.797108      1.06151    -0.911165     -1.73991     0.118983      2.59191      1.05554   0.00124878    -0.023992  -0.00318138   -0.0039676 -0.000802347 -9.18344e-05    0.0011193     0.675473  -0.00413275     0.166465      2.28981     -1.12214     0.618803   0.00186497   0.00100371    0.0115337    0.0142067   -0.0162315  -0.00346568      0.22056     -36.0974     -16.7715       11.257     0.831526      1.46504   -0.0994083 -1.54043e-15     -37.0516     -17.3597      10.8211      1.07581      1.32388    0.0176315
    0.797124      1.06133    -0.911211     -1.73993     0.118984      2.59191      1.05554   0.00146088   -0.0146984  -0.00324326 -0.000845595 -0.000221182  1.46056e-06 -0.000524322     0.675493  -0.00412701     0.166565      2.28987     -1.12227     0.618924   0.00178004   0.00105852   0.00804366   0.00815636   -0.0112799 -0.000167376    0.0459999     -36.0974     -16.8191      11.1062     0.825117      1.45863   -0.0609561  2.91434e-16     -37.0505     -17.3586      10.8237      1.07584      1.32404    0.0176215
    0.797161      1.06117     -0.91122     -1.73993     0.118984      2.59191      1.05554   0.00815971   -0.0126588 -0.000303306  0.000409313  0.000155182  0.000161186   0.00022372     0.675513  -0.00408522     0.166644      2.28998     -1.12236     0.619038   0.00167903   0.00703464   0.00618962   0.00909424  -0.00965289   0.00813128    -0.283285     -35.9744     -16.8944      11.0348     0.819624      1.45222   -0.0801822 -2.22045e-16     -37.0501     -17.3572      10.8262      1.07586      1.32421    0.0176119
    0.797212      1.06102    -0.911212      -1.7399     0.118986      2.59191      1.05554   0.00521097   -0.0131049  0.000617382    0.0019106  0.000345279  0.000282493 -6.37598e-05     0.675538  -0.00402161     0.166716      2.29012     -1.12239     0.619157   0.00210684   0.00600221   0.00641916    0.0103146   -0.0104442   0.00684887    -0.513387     -35.9744     -16.9976      10.7571     0.807722      1.44581   -0.0673648   3.6221e-15     -37.0503     -17.3556      10.8288      1.07587      1.32439    0.0176024
    0.797303      1.06089    -0.911206     -1.73988     0.118986      2.59191      1.05554   0.00942943   -0.0152225  0.000140096   0.00173232  0.000190833 -0.000280588 -0.000692164     0.675559   -0.0039352     0.166783      2.29027     -1.12239     0.619278   0.00230986   0.00879906   0.00752356    0.0112527   -0.0112071    0.0109269    -0.485616     -36.0498     -17.0452      10.6579     0.801313      1.45863   -0.0545474  5.82867e-15     -37.0504     -17.3542      10.8311      1.07587      1.32454    0.0175939
    0.797415      1.06075    -0.911209     -1.73987     0.118985      2.59191      1.05554    0.0122184   -0.0114501 -0.000482813  0.000819411 -0.000428935 -0.000205758   0.00126117     0.675579  -0.00384113     0.166851      2.29043     -1.12237     0.619411    0.0016633   0.00967394   0.00577387   0.00795617  -0.00931326    0.0117126    -0.461813     -36.0022     -16.9976      10.6341     0.813215      1.45863    -0.105817  1.63758e-15     -37.0503     -17.3529      10.8333      1.07588      1.32469    0.0175854
    0.797537      1.06062    -0.911217     -1.73986     0.118986      2.59191      1.05554    0.0127912   -0.0133868 -0.000763327   0.00212163  0.000193213  0.000259585  -0.00119044     0.675602  -0.00373964     0.166923       2.2906     -1.12232     0.619555   0.00236826     0.010632   0.00719124   0.00941517   -0.0108667    0.0148405    -0.386434      -35.903     -16.8944      10.5826     0.801313       1.4394   -0.0481387  8.32667e-16     -37.0502     -17.3516      10.8356       1.0759      1.32484    0.0175768
    0.797659      1.06047    -0.911209     -1.73984     0.118984      2.59191      1.05554    0.0155067   -0.0166574   0.00103783   0.00198271   -0.0001032 -9.12113e-05  0.000532337     0.675625  -0.00363034     0.166991      2.29078     -1.12229     0.619696   0.00249583    0.0135638   0.00789523    0.0129066   -0.0125962     0.016978    -0.386434     -35.9744     -16.9976      10.5588     0.819624      1.43299   -0.0801822  4.95437e-15     -37.0503     -17.3501       10.838      1.07591      1.32501    0.0175678
    0.797792      1.06034    -0.911196      -1.7398     0.118978      2.59192      1.05554    0.0133309   -0.0120379  0.000126599   0.00414993 -0.000732276   0.00161605 -0.000548393     0.675649  -0.00350856     0.167056      2.29098     -1.12221     0.619841   0.00287499    0.0120136   0.00681366   0.00894696   -0.0118266    0.0181513    -0.410238     -36.0498     -17.1484      10.4596     0.872725      1.42018   -0.0609561  3.92741e-15     -37.0507     -17.3486      10.8404      1.07591      1.32517    0.0175592
     0.79794      1.06021    -0.911182     -1.73977     0.118973      2.59192      1.05554    0.0142776   -0.0109045  0.000565712   0.00495541   -0.0031003  0.000215106  0.000643043     0.675676  -0.00337344     0.167123      2.29119     -1.12213     0.620003   0.00282259    0.0129109    0.0061749   0.00706853  -0.00995668    0.0195043    -0.537191     -36.2204     -17.2991      10.4596      0.90843      1.42659   -0.0929996 -2.27596e-15     -37.0512      -17.347      10.8429      1.07592      1.32533    0.0175501
    0.798113       1.0601    -0.911176     -1.73971     0.118972      2.59191      1.05554    0.0207638  -0.00994504  0.000355905    0.0117995 -0.000163285  4.44348e-05  0.000350615     0.675706  -0.00322208     0.167185       2.2914     -1.12199     0.620177   0.00488634    0.0193325   0.00765855   0.00929082   -0.0152106    0.0289317    -0.485616     -36.1966     -17.3229      10.4834     0.896528      1.43299   -0.0865909   2.3731e-15     -37.0519     -17.3458      10.8451      1.07594      1.32547     0.017542
    0.798303         1.06    -0.911181     -1.73965     0.118973      2.59191      1.05554    0.0174984   -0.0106201  -0.00104253    0.0036883  0.000200215  0.000375359 -0.000158767     0.675737  -0.00306473     0.167252      2.29162     -1.12185     0.620369   0.00257893    0.0138986   0.00644019   0.00773062   -0.0109379    0.0197704    -0.513387     -36.0974     -17.2237      10.5588     0.884626      1.42659   -0.0737735  5.55112e-17     -37.0526     -17.3447      10.8472      1.07596       1.3256    0.0175336
    0.798514       1.0599    -0.911189     -1.73959     0.118979      2.59191      1.05554     0.020679   -0.0132221 -0.000500334    0.0111405  0.000355413  0.000169882   0.00121962      0.67577  -0.00289215     0.167319      2.29185     -1.12169     0.620579   0.00514694    0.0190772   0.00940287     0.011516   -0.0184262     0.027072    -0.485616     -36.0022     -17.1484      10.5072     0.860823      1.42659    -0.105817  4.16334e-16     -37.0533     -17.3437      10.8493      1.07599      1.32574    0.0175248
    0.798752       1.0598    -0.911193     -1.73954     0.118979      2.59191      1.05554    0.0255929   -0.0111429  0.000119379   0.00585882 -6.85841e-05   -0.0002963 -0.000196336     0.675796  -0.00270622      0.16738       2.2921     -1.12148     0.620771   0.00315345    0.0206171   0.00671778   0.00894527   -0.0114472    0.0296928    -0.513387     -36.0022     -17.0968      10.6103     0.860823       1.4394   -0.0737735  2.72005e-15     -37.0538     -17.3427      10.8513      1.07601      1.32587    0.0175174
   0.798997     1.05969   -0.911195    -1.73952    0.118979     2.59192     1.05554   0.0257154  -0.0117004 4.32889e-05  0.00133737 0.000124476  0.00029734 0.000863306    0.675816 -0.00252106    0.167439     2.29234     -1.1213    0.620952  0.00185708   0.0192551  0.00585573  0.00889661 -0.00989147   0.0261112   -0.513387    -36.0498     -17.073     10.6817    0.867231     1.41468  -0.0929996 5.81479e-15    -37.0538    -17.3416     10.8532     1.07603       1.326   0.0175099
     0.79927      1.05958    -0.911191     -1.73953     0.118977      2.59192      1.05554     0.030022   -0.0109371  0.000175959 -0.000243241 -0.000127087  3.08973e-05 -0.000978987     0.675828  -0.00232422     0.167487      2.29259     -1.12107     0.621106   0.00124033    0.0215856   0.00499685   0.00765223  -0.00670682    0.0307871    -0.537191     -36.0974     -17.1206      10.7571     0.879133      1.41468   -0.0545474  2.05391e-15     -37.0536     -17.3405      10.8549      1.07603      1.32611     0.017504
    0.799564      1.05947    -0.911178     -1.73954     0.118972      2.59192      1.05554    0.0250205   -0.0145648   0.00122725  0.000689999 -2.02977e-05  0.000325309  0.000745856     0.675836  -0.00211008     0.167527      2.29286     -1.12083     0.621257   0.00185197    0.0194233   0.00652723    0.0114515   -0.0105723    0.0257453    -0.513387     -36.1966     -17.2753      10.8325     0.902021      1.40828    -0.105817  2.60902e-15     -37.0533     -17.3393      10.8565      1.07602      1.32622    0.0174985
    0.799892      1.05939    -0.911172     -1.73952     0.118971      2.59192      1.05554    0.0316172   -0.0116124  0.000587274   0.00244021  0.000137948  7.22971e-06 -0.000669441     0.675851  -0.00187074      0.16757      2.29315     -1.12052     0.621439   0.00210172    0.0238188   0.00585657   0.00907526  -0.00909446    0.0340195    -0.664144      -36.268     -17.3507      10.6579     0.896528      1.42018   -0.0545474  1.59595e-15     -37.0534     -17.3384       10.858      1.07603      1.32632    0.0174931
    0.800264      1.05932    -0.911169     -1.73951     0.118976      2.59192      1.05554    0.0386474  -0.00976991  0.000897489  0.000596074  0.000261085 -0.000502061   0.00117936     0.675864  -0.00160493     0.167605      2.29346     -1.12017     0.621632   0.00123726    0.0278268   0.00433124   0.00799678   -0.0071217    0.0381152    -0.664144     -36.2204     -17.3507      10.5072     0.884626      1.43299   -0.0929996  2.17881e-15     -37.0536     -17.3376      10.8592      1.07603      1.32641    0.0174881
    0.800665      1.05926    -0.911172      -1.7395     0.118976      2.59192      1.05554     0.035339  -0.00660651  0.000665556 -4.87297e-05  6.16766e-06  0.000113647   0.00127062     0.675875  -0.00132454     0.167637      2.29378     -1.11978     0.621831  0.000733901    0.0249478   0.00281617   0.00537625   -0.0050241     0.034727    -0.791097     -36.1728     -17.2991      10.5349     0.879133      1.40828   -0.0673648  1.72085e-15     -37.0536     -17.3371      10.8602      1.07604      1.32647    0.0174843
    0.801066      1.05919    -0.911174     -1.73947     0.118975      2.59192      1.05554    0.0357727   -0.0102379  0.000826367  0.000322847 -5.26395e-05  0.000165094  0.000998732     0.675891  -0.00103824     0.167674       2.2941     -1.11938      0.62205   0.00124548    0.0258718   0.00455586   0.00806417  -0.00755589    0.0357722    -0.814901     -36.0974     -17.2753      10.5072     0.872725      1.39546   -0.0994083  5.66214e-15     -37.0538     -17.3364      10.8614      1.07605      1.32655    0.0174795
    0.801458      1.05913    -0.911174     -1.73945     0.118976      2.59192      1.05554    0.0368468  -0.00903654 -0.000621561  0.000657764  0.000297193  0.000407723  0.000149653     0.675907 -0.000756094     0.167712      2.29443       -1.119     0.622264    0.0013733     0.025957   0.00471769   0.00648488  -0.00767286      0.03696    -0.791097     -36.2204     -17.2475      10.5588     0.867231      1.38905   -0.0801822  7.21645e-16     -37.0541     -17.3357      10.8627      1.07606      1.32663    0.0174746
    0.801835      1.05906    -0.911154     -1.73942     0.118977      2.59192      1.05554    0.0389251  -0.00807166   0.00240339  0.000821197  0.000334158  8.18248e-05  -0.00129383     0.675922 -0.000475334     0.167743      2.29477     -1.11861     0.622457  0.000961899    0.0285829   0.00300192   0.00739712   -0.0040936    0.0415073    -0.814901     -36.1966     -17.4737      10.6103     0.872725      1.38264   -0.0481387  4.16334e-17     -37.0546     -17.3348      10.8641      1.07606      1.32673    0.0174698
    0.802194      1.05902    -0.911144     -1.73938     0.118971      2.59192      1.05554    0.0380516  -0.00284813  0.000452815   0.00916442 -3.92424e-05  3.84886e-05   0.00471213     0.675937 -0.000211236     0.167767      2.29507     -1.11823     0.622646   0.00315041    0.0293453   0.00359263    0.0047102   -0.0110735    0.0410269     -0.91805     -36.2918     -17.4737      10.4596     0.891035      1.38264   -0.0545474  7.91034e-16     -37.0552     -17.3341       10.865      1.07607      1.32679    0.0174663
    0.802543      1.05899    -0.911143     -1.73933     0.118971      2.59192      1.05554    0.0362931  -0.00142682 -0.000525478   0.00808104 -0.000118406  3.99439e-05 -0.000397228     0.675956  4.51721e-05     0.167793      2.29535     -1.11786     0.622845   0.00273958    0.0272038   0.00305006   0.00194985  -0.00674509     0.042005    -0.838705      -36.268     -17.3983      10.5072     0.891035      1.38264   -0.0609561  1.81799e-15     -37.0559     -17.3337      10.8659      1.07609      1.32684    0.0174627
    0.802875      1.05898    -0.911144     -1.73925     0.118976      2.59193      1.05554    0.0291697  -0.00146204  0.000645575   0.00916761  0.000124819  0.000286638  0.000118823     0.675982  0.000297118     0.167823      2.29564      -1.1175     0.623066   0.00297492    0.0232804   0.00288231   0.00314803  -0.00741271    0.0358175    -0.763326     -36.2204     -17.3745      10.4834     0.879133      1.38264   -0.0865909 -1.34615e-15     -37.0571     -17.3335      10.8668      1.07611       1.3269    0.0174583
    0.803195      1.05897     -0.91115     -1.73914     0.118976      2.59192      1.05554    0.0333165  -0.00312845 -0.000118672    0.0121165 -0.000111933   0.00034037  0.000532503     0.676018  0.000549591     0.167859      2.29592     -1.11713     0.623312   0.00415709    0.0269564    0.0047775   0.00431587   -0.0113186    0.0414832    -0.814901     -36.2204     -17.2991      10.4358     0.879133      1.38264   -0.0929996  1.92901e-15     -37.0588     -17.3332       10.868      1.07616      1.32695    0.0174534
    0.803512      1.05895    -0.911156     -1.73902     0.118976      2.59193      1.05554     0.030561  -0.00309078  0.000180378    0.0128696  0.000157527 -0.000187272   0.00040194      0.67606  0.000806572     0.167903      2.29622     -1.11676     0.623584   0.00430101    0.0254322   0.00479769   0.00471404   -0.0112656    0.0389927    -0.715719     -36.1728     -17.2475      10.4834     0.860823      1.39546   -0.0929996  1.79023e-15     -37.0607     -17.3329      10.8693      1.07621      1.32703    0.0174473
    0.803824      1.05893    -0.911158     -1.73887      0.11898      2.59193      1.05554    0.0278336 -0.000924245 -0.000207455    0.0130843  7.24091e-05  -0.00013796   0.00144468     0.676106   0.00106638     0.167951      2.29653     -1.11639     0.623862   0.00415688    0.0232438   0.00400471   0.00309482      -0.0108    0.0355078    -0.715719      -36.149      -17.196      10.5349      0.85533      1.39546    -0.112226 -1.66533e-16     -37.0629     -17.3325      10.8708      1.07626      1.32711    0.0174404
     0.80413       1.0589    -0.911162     -1.73873     0.118976      2.59193      1.05554     0.026993  -0.00213683  0.000621561    0.0146136 -6.68264e-06  0.000338783  0.000514905     0.676155   0.00132349     0.168004      2.29684     -1.11603     0.624149   0.00471887    0.0237322   0.00466786   0.00455804   -0.0119534    0.0371908    -0.763326      -36.149     -17.1722      10.5588     0.860823      1.38264   -0.0865909  4.08007e-15     -37.0651      -17.332      10.8725      1.07631       1.3272    0.0174333
    0.804439      1.05887     -0.91116     -1.73861     0.118977      2.59194      1.05554    0.0302612  -0.00529538 -0.000315945    0.0125248  0.000382371 -2.33338e-05 -0.000101146     0.676198   0.00158007     0.168053      2.29715     -1.11568     0.624426   0.00448247    0.0251784   0.00597016   0.00602571   -0.0127718    0.0385648    -0.866476     -36.1212      -17.196      10.5349     0.848921      1.30116   -0.0801822  4.10783e-15      -37.067     -17.3314      10.8742      1.07636       1.3273     0.017426
    0.804748      1.05884     -0.91116     -1.73849     0.118979      2.59194      1.05554    0.0277211   -0.0050902  -0.00102256    0.0124072  -6.1391e-05 -2.09326e-05  0.000246362     0.676236   0.00183157       0.1681      2.29745     -1.11533     0.624682   0.00449055    0.0231013   0.00613738   0.00520167   -0.0130137    0.0356028    -0.763326      -36.268      -17.196      10.5826     0.860823      1.31947   -0.0737735  1.38778e-16     -37.0687     -17.3308      10.8757       1.0764      1.32739    0.0174194
    0.805038      1.05881    -0.911156     -1.73839      0.11898      2.59194      1.05554     0.028514    -0.001231  0.000253606    0.0132162  4.73302e-05  0.000862552 -9.41057e-05     0.676271   0.00206739     0.168136      2.29773       -1.115      0.62491   0.00423581     0.024068   0.00406776   0.00342174   -0.0106184    0.0383357    -0.838705     -36.3434     -17.2475      10.4834      0.85533      1.33229   -0.0737735  2.08167e-16     -37.0703     -17.3303       10.877      1.07644      1.32746    0.0174141
   0.805306     1.05879   -0.911149    -1.73828    0.118977     2.59194     1.05554   0.0291577 -0.00223891 0.000561813   0.0109438 5.46112e-05 2.04732e-05 6.08462e-05    0.676306  0.00229258    0.168173       2.298    -1.11468    0.625138  0.00352862   0.0239279   0.0037404  0.00390311 -0.00897691    0.036905    -0.91805    -36.2442    -17.3229      10.408     0.85533     1.32588  -0.0737735 1.44329e-15    -37.0721    -17.3298     10.8783     1.07647     1.32754   0.0174085
    0.805554      1.05878    -0.911153     -1.73815     0.118976      2.59195      1.05554    0.0244207  -0.00397289 -1.12026e-06    0.0128227 -0.000556064  0.000112094 -0.000342737     0.676349   0.00250507     0.168219      2.29825     -1.11438     0.625387   0.00437951    0.0213409   0.00529663   0.00467011   -0.0114114    0.0339256    -0.890279     -36.2204     -17.2991      10.3326     0.879133      1.30116   -0.0737735  2.77556e-16     -37.0741     -17.3294      10.8797      1.07653      1.32761    0.0174021
    0.805784      1.05876     -0.91115     -1.73799     0.118974      2.59195      1.05554     0.020526 -0.000819958 -0.000398979    0.0142434  0.000269265 -4.45441e-05 -0.000391267     0.676399   0.00271725     0.168266      2.29851     -1.11408      0.62565   0.00449281    0.0186197   0.00436074   0.00293287   -0.0106825    0.0302497    -0.890279     -36.2204     -17.2991      10.3842     0.872725      1.28834   -0.0673648  3.88578e-16     -37.0766     -17.3289      10.8813      1.07658       1.3277    0.0173951
    0.805989      1.05875    -0.911152     -1.73781     0.118977      2.59195      1.05554    0.0228972  0.000348651  0.000404021    0.0172781  0.000164971  7.31558e-05 -0.000122492     0.676457   0.00291788     0.168321      2.29877     -1.11382     0.625927   0.00521293    0.0214702   0.00429039   0.00309437   -0.0117142    0.0350374    -0.866476     -36.2442     -17.2753      10.3326     0.872725      1.29475   -0.0801822  2.35922e-16     -37.0794     -17.3285      10.8831      1.07665      1.32779    0.0173871
    0.806164      1.05873    -0.911152     -1.73759     0.118973      2.59195      1.05554    0.0137941  -0.00278481  0.000400497    0.0214055 -0.000233085  0.000108438  0.000563374     0.676524   0.00311008     0.168387      2.29902     -1.11357     0.626226   0.00687276    0.0170908   0.00686886     0.005937   -0.0170681     0.028515     -0.91805     -36.2442     -17.2753      10.3088     0.879133      1.29475   -0.0994083  1.51268e-15     -37.0827     -17.3278      10.8852      1.07672       1.3279    0.0173778
    0.806319      1.05871    -0.911152     -1.73739     0.118978      2.59195      1.05554    0.0162801  -0.00201352  -0.00012275    0.0176311 -8.36596e-05 -0.000105492  -0.00103778     0.676588   0.00328533     0.168449      2.29925     -1.11335     0.626503   0.00563868    0.0171626   0.00570531   0.00419781   -0.0131204    0.0291437    -0.941854     -36.2442     -17.2753      10.4596     0.879133      1.30116   -0.0545474  8.88178e-16     -37.0858     -17.3272      10.8873      1.07679      1.32802    0.0173688
    0.806446      1.05869    -0.911152     -1.73719     0.118978      2.59196      1.05554   0.00907476  -0.00675949 -0.000262896    0.0218113  0.000399956 -0.000289595  0.000743715     0.676652   0.00344172     0.168514      2.29947     -1.11317     0.626778   0.00749181     0.014187   0.00911019   0.00890201    -0.020599    0.0229731    -0.838705     -36.1966     -17.2753      10.3842     0.860823      1.30116   -0.0994083  8.60423e-16     -37.0889     -17.3266      10.8894      1.07686      1.32813    0.0173593
    0.806567      1.05867    -0.911159     -1.73701     0.118975      2.59196      1.05554   0.00989267  0.000430486 -0.000704815    0.0210879 -0.000166171 -0.000201561 -0.000666379      0.67671   0.00358327     0.168572      2.29966     -1.11299     0.627024   0.00649609    0.0134681   0.00572009   0.00269236    -0.014347    0.0245564    -0.763326     -36.2204     -17.1722      10.4834     0.872725      1.30116   -0.0609561  2.83107e-15     -37.0916     -17.3262      10.8912      1.07693      1.32822    0.0173515
   0.806679     1.05865   -0.911172    -1.73685    0.118981     2.59196     1.05554  0.00809649 -0.00284938 -0.00123106   0.0155439  0.00033412 0.000123316   0.0012188    0.676765  0.00371311    0.168634     2.29984    -1.11285     0.62727  0.00524251   0.0105559  0.00603634  0.00448495  -0.0146719   0.0171423   -0.763326     -36.149    -17.0214     10.4834    0.848921     1.29475   -0.105817 1.65146e-15    -37.0941    -17.3258      10.893       1.077     1.32832   0.0173429
    0.806769      1.05861    -0.911177      -1.7367     0.118982      2.59195      1.05554   0.00712867  -0.00482295  8.27974e-05    0.0150447  3.89291e-05 -0.000225103 -0.000717543     0.676814   0.00382481     0.168693          2.3     -1.11273     0.627474   0.00514395    0.0105115   0.00624639   0.00603301   -0.0132723    0.0179149    -0.715719     -36.1728     -16.9976      10.5072     0.843428      1.29475   -0.0545474 -2.30371e-15     -37.0962     -17.3252      10.8949      1.07705      1.32842    0.0173353
     0.80683      1.05856    -0.911176      -1.7366      0.11898      2.59196      1.05554   0.00449166  -0.00590778  0.000103867    0.0130242  0.000433302 -0.000208197  0.000669787     0.676852   0.00390768     0.168745      2.30013     -1.11267     0.627637   0.00465099   0.00817585   0.00621477   0.00699676   -0.0136247    0.0126046    -0.715719     -36.1966     -17.0452      10.5588     0.831526      1.30116   -0.0929996  4.71845e-15     -37.0977     -17.3245      10.8966      1.07709      1.32853     0.017328
    0.806861      1.05851     -0.91117     -1.73652     0.118982      2.59196      1.05554  0.000626031  -0.00269828  0.000480324   0.00597704  0.000126865  0.000356257 -0.000957055     0.676882   0.00396485     0.168789      2.30024     -1.11264     0.627756   0.00213246   0.00299992   0.00269688   0.00322142  -0.00550769   0.00586121    -0.739523     -36.2204     -17.0968      10.5072     0.837019      1.28193   -0.0545474  6.52256e-16     -37.0989     -17.3237      10.8981      1.07711      1.32862    0.0173218
    0.806885      1.05845     -0.91117     -1.73647      0.11898      2.59196      1.05554  0.000767558  -0.00812148 -0.000341448    0.0055945 -0.000596771  0.000144833  0.000707238     0.676905   0.00400648     0.168831      2.30032     -1.11264     0.627858   0.00269579   0.00324999   0.00547299   0.00637954   -0.0100602   0.00436657    -0.814901     -36.2442     -17.0968      10.4358      0.85533      1.26271   -0.0865909  1.02696e-15     -37.0996     -17.3231      10.8995      1.07713      1.32871    0.0173161
    0.806882       1.0584    -0.911172     -1.73643     0.118981      2.59196      1.05554 -0.000203821  -0.00129562 -0.000244281   0.00546583  -0.00012174  0.000147414 -0.000847283     0.676923   0.00402262     0.168866      2.30036     -1.11266     0.627926   0.00187537   0.00177466   0.00218762   0.00151782   -0.0044351   0.00425779    -0.664144     -36.1728      -17.073      10.5072     0.848921      1.26912   -0.0545474 -2.30371e-15     -37.1001     -17.3225      10.9006      1.07715      1.32878    0.0173117
    0.806865      1.05835    -0.911184     -1.73639      0.11898      2.59196      1.05554  -0.00175757  -0.00567215  -0.00139321  0.000862257  0.000169669  0.000292457  4.04048e-05      0.67694   0.00402248     0.168902      2.30039     -1.11271     0.627988   0.00109019 -0.000806663   0.00351831    0.0035529  -0.00572909   -0.0017946    -0.461813     -36.2204      -16.946      10.5588     0.843428      1.26912   -0.0737735 -1.36002e-15     -37.1004     -17.3222      10.9016      1.07717      1.32884    0.0173076
   0.806841     1.05831   -0.911192    -1.73637    0.118982     2.59196     1.05554 -0.00270472 -0.00475557 -0.00167895 0.000780504 0.000100166 0.000737757 -0.00115192    0.676951  0.00401413    0.168929      2.3004    -1.11276    0.628026  0.00103393 -0.00167348  0.00321897  0.00247717 -0.00479435 -0.00169907   -0.207906    -36.3196    -16.8706     10.5349    0.843428     1.26271  -0.0545474 2.05391e-15    -37.1006    -17.3219     10.9024     1.07719     1.32888   0.0173045
    0.806817      1.05828      -0.9112     -1.73638     0.118982      2.59196      1.05554   -0.0023116  -0.00108801 -0.000194447  -0.00103565  0.000224746  0.000343731 -1.04614e-05     0.676955   0.00399739     0.168946      2.30039     -1.11282     0.628037 -0.000135994  -0.00184844  0.000346731  0.000666117 -0.000499471  -0.00302983   -0.0571495     -36.2204     -16.8191      10.6341     0.837019      1.26912   -0.0801822  3.88578e-16     -37.1004     -17.3217      10.9028      1.07719      1.32891    0.0173027
      0.8068      1.05826    -0.911217     -1.73639      0.11898      2.59196      1.05554  -0.00216116  -0.00183064  -0.00412834  -0.00100898 -5.49095e-05  0.000380564 -0.000483196     0.676956   0.00397699     0.168961      2.30037     -1.11287     0.628047  0.000372412   -0.0033378   0.00236962  -0.00143561  -0.00312469  -0.00423469    0.0182289     -36.2442     -16.6961      10.7571     0.843428      1.27552   -0.0673648   3.1225e-15        -37.1     -17.3217      10.9031       1.0772      1.32892    0.0173016
     0.80679      1.05824    -0.911231     -1.73639     0.118979      2.59196      1.05554  -0.00110927  -0.00198046 -0.000430165 -0.000349824 -0.000161099  0.000461203 -0.000421849     0.676959   0.00396609     0.168975      2.30036     -1.11289     0.628062   0.00020685 -0.000783761   0.00105513  0.000964548    -0.001419  -0.00084641   -0.0293785     -36.2204     -16.6683      10.7571     0.837019      1.26912   -0.0673648  1.33227e-15     -37.0998     -17.3217      10.9033      1.07721      1.32893    0.0173007
    0.806774      1.05822    -0.911236     -1.73639     0.118984      2.59196      1.05554  -0.00198114   0.00106348 -0.000192352  -0.00166428  5.95001e-05 -0.000166328  7.74719e-05     0.676963   0.00395601     0.168986      2.30035     -1.11293     0.628075 -0.000621463  -0.00212685 -0.000877552  -0.00113447   0.00184017  -0.00342309    0.0182289     -36.2204     -16.6961      10.7095     0.819624      1.28193   -0.0865909  5.19029e-15     -37.0998     -17.3217      10.9036      1.07722      1.32895    0.0172992
    0.806761       1.0582    -0.911246      -1.7364     0.118983      2.59197      1.05554  -0.00168327  -0.00152844  0.000884428 -0.000993825 -0.000152747   0.00015474  -0.00125972     0.676963   0.00394147     0.168998      2.30034     -1.11297     0.628078 -0.000206552 -0.000900354  8.93044e-05   0.00114296  0.000921331 -0.000777642    0.0182289      -36.149     -16.6961      10.8603     0.825117      1.26271     -0.04173 -7.77156e-16     -37.0994     -17.3216      10.9038      1.07722      1.32897    0.0172983
    0.806755      1.05819     -0.91126      -1.7364     0.118983      2.59197      1.05554  -0.00126486  -0.00394492  -0.00044737  6.78611e-05  -0.00035039  9.97108e-05 -0.000730461     0.676965   0.00393239     0.169009      2.30033     -1.11299     0.628094  0.000528787 -0.000546428   0.00206989   0.00223041  -0.00253475 -0.000601616    0.0182289     -36.2442     -16.6445      10.8325     0.831526       1.2563   -0.0609561  1.22125e-15     -37.0992     -17.3217       10.904      1.07723      1.32898    0.0172975
    0.806753      1.05816    -0.911262      -1.7364     0.118984      2.59197      1.05554 -0.000511975  -0.00115391 -0.000119729 -0.000232576   0.00037563 -0.000102532  0.000360911     0.676969   0.00393396     0.169023      2.30034     -1.11301     0.628115  6.51954e-05 -0.000353416  0.000528835   0.00102912  -0.00101484  -0.00130084  -0.00557482     -36.1728     -16.7437      10.8087     0.819624       1.2563   -0.0801822  2.84495e-15     -37.0992     -17.3215      10.9044      1.07724        1.329    0.0172957
    0.806756      1.05814    -0.911267      -1.7364     0.118982      2.59197      1.05554 -1.19828e-06  -0.00192196 -1.22957e-05 -0.000133004 -0.000380374 -0.000304496 -0.000481833     0.676972   0.00393693     0.169034      2.30035     -1.11302     0.628132  0.000150632  0.000159464  0.000847188  0.000987537 -0.000550668  0.000307438   -0.0571495     -36.1966     -16.7437      10.7849     0.843428      1.26271   -0.0673648  1.29063e-15     -37.0991     -17.3213      10.9047      1.07724      1.32902    0.0172946
    0.806767      1.05812    -0.911269     -1.73639     0.118984      2.59197      1.05554  0.000882541    -0.002349  -0.00130268  0.000496126  0.000303248  -0.00033711  0.000582551     0.676976   0.00394787     0.169047      2.30037     -1.11303     0.628155  0.000523816  0.000452875   0.00176943   0.00127787  -0.00302457 -0.000259927    -0.207906     -36.2204     -16.7437      10.7095     0.819624      1.26912   -0.0865909  4.42701e-15     -37.0991     -17.3211      10.9051      1.07725      1.32905     0.017293
    0.806769       1.0581    -0.911263     -1.73639     0.118985      2.59197      1.05554 -0.000322737 -0.000681446 -0.000346109  0.000219498   0.00036468  -0.00021969 -0.000892387      0.67698   0.00395593     0.169055       2.3004     -1.11304     0.628167  0.000163917 -0.000234206  0.000514111  0.000381815 -0.000282293 -1.92018e-05     -0.23171     -36.2442     -16.8191      10.6817     0.813215      1.26912   -0.0609561  4.06619e-15     -37.0992     -17.3208      10.9055      1.07725      1.32907    0.0172917
    0.806766      1.05809     -0.91126      -1.7364     0.118985      2.59197      1.05554 -0.000219469 -0.000328142 -0.000479558  -0.00111333  0.000205084  -7.3246e-05  0.000241576     0.676978   0.00395429     0.169057       2.3004     -1.11305     0.628163  -0.00026163 -0.000701865  5.62934e-05 -7.09272e-05  7.42247e-05  -0.00157772    -0.184103      -36.268     -16.8706      10.7849     0.813215      1.26271   -0.0865909 -1.63758e-15     -37.0991     -17.3207      10.9056      1.07724      1.32909    0.0172912
    0.806757      1.05809    -0.911265     -1.73639     0.118984      2.59197      1.05554 -0.000610756 -0.000907498 -0.000469921  0.000843634 -0.000319887   0.00029558  -0.00100534      0.67698   0.00394691     0.169061      2.30039     -1.11306     0.628169  0.000441005 -0.000196296  0.000871537   0.00014557 -0.000987436  0.000892402   -0.0571495     -36.3434     -16.7953      10.7333     0.825117      1.24989   -0.0609561  1.48492e-15     -37.0991     -17.3208      10.9056      1.07725      1.32909    0.0172911
    0.806743      1.05809    -0.911277     -1.73639     0.118984      2.59197      1.05554 -0.000712422   0.00106044  -0.00095571  0.000408064 -0.000398741  2.96057e-05   0.00062962     0.676982   0.00393296     0.169067      2.30037     -1.11308     0.628176  0.000110983 -0.000873418    1.189e-05  -0.00141875 -0.000394242  -0.00112143    0.0936073     -36.3672     -16.6683      10.7095     0.819624       1.2563   -0.0929996 -5.55112e-17      -37.099     -17.3209      10.9056      1.07726      1.32908    0.0172908
    0.806747      1.05808     -0.91127     -1.73639     0.118984      2.59197      1.05554   0.00139252  -0.00030912   0.00109583 -0.000131936  -0.00048002  3.14846e-05  0.000382447     0.676983   0.00393984     0.169069      2.30039     -1.11308     0.628178  -0.00012435   0.00141621 -0.000357299  0.000613187   0.00051475   0.00185791  -0.00557482     -36.2918     -16.7715      10.7095     0.825117      1.24989   -0.0801822  9.71445e-17     -37.0991     -17.3207      10.9058      1.07725       1.3291    0.0172903
    0.806757      1.05807    -0.911271     -1.73639     0.118984      2.59197      1.05554    0.0013355  0.000148791  0.000231444 -0.000189325 -0.000107142  0.000203438  0.000420898     0.676985   0.00394858     0.169074       2.3004     -1.11308     0.628192  -8.7128e-05  0.000938724  -0.00020457  2.27924e-05  1.27357e-05   0.00119087    -0.156332     -36.2442     -16.7715      10.6817     0.825117       1.2444   -0.0929996  8.46545e-16     -37.0991     -17.3206       10.906      1.07726      1.32911    0.0172895
    0.806776      1.05806    -0.911265     -1.73637     0.118985      2.59198      1.05554   0.00215953  0.000787926  0.000411431   0.00124064  0.000374797  0.000218168  0.000958339     0.676989   0.00397005      0.16908      2.30043     -1.11306     0.628216  0.000262057   0.00197682 -0.000191766   0.00034152 -0.000987247   0.00239284    -0.386434     -36.2442     -16.8468      10.5349     0.813215       1.2444    -0.105817  3.28904e-15     -37.0993     -17.3204      10.9062      1.07726      1.32913    0.0172883
     0.80679      1.05804     -0.91126     -1.73637     0.118985      2.59197      1.05554  0.000859283 -0.000311462  0.000476218  0.000988409  0.000233853  4.25654e-05  -0.00243264     0.676993   0.00398637     0.169088      2.30046     -1.11305      0.62823  0.000291353   0.00115828  0.000216075  0.000395784  0.000753504   0.00352214    -0.485616     -36.1728     -16.9222      10.4834     0.813215       1.2563   -0.0801822  2.33147e-15     -37.0995     -17.3202      10.9066      1.07725      1.32915    0.0172872
    0.806801      1.05802    -0.911256     -1.73636     0.118984      2.59197      1.05554   0.00122224  -0.00455891   0.00318048  -0.00082944 -0.000127039 -2.71786e-05  0.000841853     0.676996   0.00399877     0.169097      2.30048     -1.11305     0.628248 -8.10392e-05   0.00245653  0.000575287   0.00513259  -0.00101198   0.00162635    -0.560995     -36.1212     -16.9698      10.5588     0.819624      1.26271   -0.0994083  4.80171e-15     -37.0995     -17.3199      10.9069      1.07725      1.32918    0.0172859
    0.806792        1.058    -0.911261     -1.73637     0.118985      2.59198      1.05554  -0.00111573  -0.00247344 -0.000195095  -0.00112158 -0.000137124   0.00014179  -0.00127055     0.676996   0.00398937     0.169105      2.30048     -1.11307     0.628249 -2.87529e-05  -0.00091406   0.00095683   0.00115941 -0.000311957 -0.000836881    -0.410238     -36.1212     -16.8944      10.6341     0.813215       1.2563   -0.0481387  1.30451e-15     -37.0993     -17.3198      10.9071      1.07726      1.32919    0.0172853
    0.806769      1.05799    -0.911279     -1.73638     0.118988      2.59197      1.05554  -0.00196071 -9.43247e-05  -0.00210262  -0.00142056  0.000151572 -4.43046e-05  0.000953871     0.676996    0.0039639     0.169115      2.30045     -1.11313     0.628252 -0.000203161  -0.00270894  0.000552753  -0.00117355   -0.0010067  -0.00482157    -0.132528      -36.149     -16.6683      10.7571     0.789412      1.26271   -0.0994083  1.70697e-15      -37.099       -17.32      10.9072      1.07727      1.32919    0.0172846
    0.806734      1.05798    -0.911297     -1.73639     0.118986      2.59197      1.05554  -0.00579449 -0.000869804  -0.00277714  -0.00175833 -0.000536387 -7.18374e-06 -0.000636232     0.676995   0.00392988     0.169125      2.30041     -1.11318     0.628242 -0.000131688  -0.00560485   0.00110781  -0.00182893 -0.000484026  -0.00755924      0.22056     -36.1728     -16.5176      10.9079     0.801313      1.26271   -0.0545474  2.55351e-15     -37.0985     -17.3202      10.9072      1.07727      1.32919    0.0172846
    0.806697      1.05797     -0.91131      -1.7364     0.118987      2.59197      1.05554  -0.00478631  -0.00121264  0.000661056 -3.90328e-05 -0.000194028  0.000555112  0.000683304     0.676995   0.00389699     0.169132      2.30037     -1.11324     0.628235  0.000123488  -0.00278131  0.000321214   0.00131182  -0.00115847  -0.00454095      0.32371     -36.1966     -16.5929      10.9594      0.79582      1.24989   -0.0929996   1.7486e-15     -37.0982     -17.3203      10.9072      1.07728      1.32919    0.0172842
    0.806662      1.05798    -0.911321      -1.7364     0.118988      2.59198      1.05554  -0.00368016  0.000101414  3.66514e-05   0.00070799  0.000310559  0.000521571 -0.000916881     0.676996   0.00386776     0.169134      2.30033     -1.11327     0.628231  0.000264334  -0.00221394  0.000170278  0.000156146 -0.000373317  -0.00232877    0.0936073     -36.2918     -16.7199      10.9079     0.789412      1.24989   -0.0545474   1.7486e-15     -37.0982     -17.3205      10.9071      1.07729      1.32918    0.0172844
    0.806617      1.05798    -0.911329     -1.73639     0.118987      2.59197      1.05554   -0.0067753 -0.000953399  0.000161151   0.00115358 -7.16392e-05 -2.12235e-05    0.0010128        0.677    0.0038372     0.169139       2.3003     -1.11333     0.628228  0.000471624  -0.00401454  0.000687677   0.00112312  -0.00194702  -0.00664765    0.0936073     -36.3196     -16.7437      10.7571      0.79582      1.26271   -0.0994083 -7.91034e-16     -37.0983     -17.3206      10.9072       1.0773      1.32917     0.017284
    0.806585      1.05798    -0.911336     -1.73639     0.118988      2.59197      1.05554  -0.00373311  9.57796e-05   0.00054513 -0.000360949  0.000299317 -0.000441767 -0.000479403     0.677002   0.00381414     0.169143      2.30027     -1.11336     0.628224 -0.000203979  -0.00246297 -0.000403052  0.000270099   0.00116852  -0.00381011    0.0936073     -36.3434     -16.7437      10.7095     0.783918      1.26912   -0.0673648 -3.05311e-16     -37.0983     -17.3207      10.9072       1.0773      1.32917    0.0172839
    0.806546      1.05798    -0.911346     -1.73639     0.118987      2.59197      1.05554  -0.00591906  0.000204022 -0.000481954 -0.000358287 -8.84292e-05  0.000122143  0.000721972     0.677002   0.00378246     0.169146      2.30023     -1.11341     0.628217 -5.02212e-05  -0.00435004  2.02816e-05 -0.000415713 -0.000410034  -0.00682382     0.145182     -36.3196     -16.6961      10.7849      0.79582      1.26271   -0.0865909    2.498e-15     -37.0981     -17.3209      10.9072      1.07731      1.32917    0.0172838
    0.806514      1.05798    -0.911354      -1.7364     0.118988      2.59197      1.05554  -0.00154743 -0.000467559  -0.00107925   -0.0001463  -7.0856e-05   -0.0001331  0.000168637     0.676999    0.0037533     0.169147       2.3002     -1.11345     0.628197  0.000114932  -0.00151575  0.000627172  -0.00036658 -0.000870926   -0.0023486     0.145182     -36.3196     -16.6961      10.8841     0.789412      1.26912   -0.0801822  2.22045e-15     -37.0979      -17.321       10.907      1.07731      1.32916    0.0172843
    0.806477      1.05798    -0.911362     -1.73641     0.118989      2.59197      1.05554  -0.00163083   0.00115283  0.000240165 -0.000495048  0.000241717  0.000205205 -0.000806264     0.676999   0.00372357     0.169148      2.30016      -1.1135     0.628185 -0.000284258  -0.00129292 -0.000758922 -0.000742535   0.00153294  -0.00125246     0.172953     -36.3672     -16.6961      10.9317     0.778425       1.2563   -0.0673648  2.91434e-16     -37.0977     -17.3211       10.907      1.07732      1.32915    0.0172845
     0.80644      1.05798    -0.911364     -1.73641     0.118988      2.59197      1.05554  -0.00266539  0.000253913 -9.77285e-05  -0.00121652  2.33519e-05 -0.000607656  0.000797194     0.676997   0.00369481     0.169146      2.30013     -1.11354     0.628164 -0.000438441  -0.00233369 -0.000450663 -0.000344085  0.000935127  -0.00456294     0.145182      -36.391     -16.7437      11.0071     0.789412      1.27552   -0.0609561  2.90046e-15     -37.0976     -17.3212      10.9068      1.07732      1.32914     0.017285
     0.80641      1.05799    -0.911365     -1.73642     0.118987      2.59197      1.05554  -0.00393712  0.000503364 -0.000415115 -0.000511316  2.37961e-05  5.34358e-05  0.000276249     0.676995   0.00367256     0.169143       2.3001     -1.11357     0.628147 -0.000152355  -0.00307335 -0.000193988 -0.000631166  0.000225919  -0.00468495    0.0698036     -36.4664     -16.7437      11.0071      0.79582      1.26271   -0.0801822   1.1241e-15     -37.0975     -17.3213      10.9067      1.07731      1.32913    0.0172854
    0.806385      1.05799    -0.911361     -1.73643     0.118987      2.59197      1.05554 -0.000625686  0.000523871 -0.000512172  2.68337e-05  3.57903e-06 -2.32156e-05  -0.00059391     0.676992   0.00365383     0.169137      2.30008     -1.11359     0.628122  2.82012e-06 -0.000698959 -2.44406e-05 -0.000791303   0.00040359 -0.000420498    0.0936073      -36.514     -16.7953      11.0348      0.79582      1.26271   -0.0545474 -2.77556e-17     -37.0975     -17.3213      10.9066      1.07731      1.32913     0.017286
    0.806367      1.05799     -0.91136     -1.73643     0.118988      2.59197      1.05554 -0.000364008  0.000251889  0.000521168  0.000774367  0.000342283  2.33779e-05  3.38402e-05     0.676992   0.00364209     0.169137      2.30007     -1.11361     0.628115  0.000160101   0.00020724 -0.000125948  0.000504162 -0.000228642  0.000206024     0.121378      -36.514     -16.8191      10.9833     0.789412      1.26271   -0.0801822  1.13798e-15     -37.0975     -17.3213      10.9066      1.07731      1.32913    0.0172859
    0.806352      1.05799    -0.911359     -1.73643     0.118988      2.59197      1.05554  -0.00130878  8.95745e-05  0.000838895  0.000280807  0.000589604  0.000248895  0.000632202     0.676991   0.00363143     0.169136      2.30006     -1.11363     0.628108  1.64611e-05 -0.000430291 -0.000295996   0.00102216 -0.000441199  -0.00138775     0.121378      -36.514     -16.8191      10.9833     0.783918      1.26271   -0.0994083  4.10783e-15     -37.0974     -17.3213      10.9066      1.07731      1.32913    0.0172859
     0.80634      1.05799    -0.911363     -1.73643     0.118986      2.59197      1.05554   -0.0030381  -0.00140154 -0.000310478 -0.000248883 -0.000120213 -0.000105494 -0.000441059     0.676993   0.00362347     0.169141      2.30005     -1.11364     0.628113   0.00011604  -0.00211511  0.000715641  0.000610372  -0.00058607  -0.00301812    0.0936073     -36.4386     -16.7715      10.9833     0.801313      1.26912   -0.0673648  4.77396e-15     -37.0974     -17.3212      10.9067      1.07731      1.32913    0.0172856
    0.806329      1.05798     -0.91136     -1.73643     0.118987      2.59197      1.05554 -0.000173099 -0.000787108  0.000600613 -0.000816945  8.65703e-05 -0.000248281  0.000284326     0.676993   0.00361772     0.169141      2.30005     -1.11366      0.62811 -0.000247425 -6.14032e-05 -0.000120488  0.000877014  0.000385947 -0.000869526    0.0698036      -36.391     -16.8191      10.9833      0.79582      1.26912   -0.0865909  1.06859e-15     -37.0975     -17.3212      10.9068      1.07731      1.32914    0.0172853
    0.806321      1.05799    -0.911366     -1.73642     0.118987      2.59197      1.05554   -0.0003266  0.000972547  0.000134505   0.00042055 -1.40343e-05  0.000109375 -0.000141213     0.676995    0.0036108     0.169142      2.30004     -1.11366      0.62811  1.64334e-05 -0.000127508 -0.000394295 -0.000573605  0.000470913  0.000215366    0.0459999     -36.4664     -16.7715      10.9079      0.79582      1.26271   -0.0737735  2.08167e-15     -37.0975     -17.3213      10.9067      1.07731      1.32913    0.0172855
    0.806312      1.05799    -0.911364     -1.73642     0.118988      2.59198      1.05554 -0.000690781  0.000345829  0.000807724  1.96741e-05  0.000301702  0.000483089 -0.000278011     0.676996   0.00360635     0.169144      2.30004     -1.11367     0.628114 -7.20295e-05 -0.000122532 -0.000459051  0.000433357  0.000405109  5.63927e-05    0.0936073     -36.4386     -16.7953      10.8841     0.783918      1.24989   -0.0673648  1.40166e-15     -37.0976     -17.3212      10.9068      1.07732      1.32914    0.0172851
    0.806307      1.05799    -0.911362     -1.73642     0.118988      2.59198      1.05554  0.000162714  0.000129224  0.000827796 -0.000455555  0.000319407  7.44372e-05  0.000739031     0.676996   0.00360402     0.169143      2.30003     -1.11368     0.628111 -0.000235701  0.000298239 -0.000524017  0.000682806   0.00028142 -0.000457613    0.0698036     -36.4386     -16.8191      10.9079     0.789412      1.26271    -0.105817  2.08167e-16     -37.0976     -17.3212      10.9068      1.07731      1.32914     0.017285
    0.806299      1.05799    -0.911358     -1.73642     0.118987      2.59198      1.05554 -0.000997281 -0.000469864  0.000782585      0.00051   0.00010078    7.051e-05   -0.0016756     0.676995   0.00359888     0.169139      2.30003     -1.11368     0.628098   0.00013891 -0.000105938  3.32309e-05  0.000664832  0.000742646   0.00100514    0.0936073     -36.4902     -16.8468      10.9079      0.79582      1.26271   -0.0481387  9.99201e-16     -37.0976     -17.3212      10.9067      1.07731      1.32914    0.0172856
    0.806299      1.05799    -0.911358     -1.73642     0.118986      2.59197      1.05554 -0.000278456 -0.000554918  0.000307979 -0.000944829 -0.000395649 -0.000283118   0.00111127     0.676993   0.00359808     0.169136      2.30002     -1.11368     0.628094 -0.000286126 -0.000325091 -0.000148763  0.000337587  0.000176994  -0.00156926    0.0459999     -36.5378     -16.8468      10.9594     0.807722      1.27552   -0.0994083 -3.58047e-15     -37.0976     -17.3212      10.9066      1.07731      1.32913    0.0172858
    0.806299      1.05799    -0.911356     -1.73642     0.118986      2.59197      1.05554 -0.000139752  -0.00129957  0.000188088 -0.000496015 -9.44411e-05 -0.000112549 -0.000866951     0.676993   0.00359877     0.169135      2.30003     -1.11368     0.628089 -3.52583e-05 -3.46859e-05  0.000389952  0.000732741   0.00022864  0.000260736    0.0459999      -36.514     -16.8706      10.9317     0.801313      1.26271   -0.0609561 -2.15106e-15     -37.0976     -17.3212      10.9066      1.07731      1.32913     0.017286
    0.806304      1.05799    -0.911354     -1.73642     0.118986      2.59197      1.05554  -0.00018744 -0.000769337  8.97128e-05  0.000148572  -0.00044468  3.80964e-05  0.000527661     0.676994   0.00360474     0.169137      2.30004     -1.11367     0.628096  0.000127091  6.23848e-05   0.00036183  0.000438392 -0.000743962 -0.000150928   -0.0293785      -36.514     -16.8944      10.9079     0.801313      1.26271   -0.0865909  1.80411e-15     -37.0977     -17.3212      10.9067      1.07731      1.32914    0.0172856
     0.80631        1.058    -0.911352     -1.73641     0.118988      2.59198      1.05554 -0.000658104  0.000215941 -0.000224747  0.000434266  0.000491779 -0.000194359  -0.00102949     0.676995   0.00361019     0.169135      2.30004     -1.11366       0.6281  0.000119279 -0.000442494  0.000100907 -9.35723e-05  0.000274287 -0.000103188    -0.108724     -36.5616     -16.9222      10.8603     0.789412      1.26271   -0.0545474  3.58047e-15     -37.0978     -17.3212      10.9067      1.07731      1.32913    0.0172858
    0.806321      1.05799    -0.911347     -1.73641     0.118986      2.59198      1.05554 -0.000307801 -0.000541242  0.000335976 -0.000674465 -8.28831e-05  0.000365601 -0.000491835     0.676995   0.00362151     0.169136      2.30006     -1.11365     0.628106 -0.000148952 -0.000199672 -4.09799e-05  0.000361824  0.000369844  5.24785e-05     -0.23171     -36.4902     -16.9976      10.8603     0.807722      1.24989   -0.0609561  3.31679e-15     -37.0978      -17.321      10.9068      1.07731      1.32914    0.0172854
    0.806332      1.05799    -0.911341     -1.73641     0.118984      2.59197      1.05554  0.000774995  -0.00068917   0.00049251  0.000346173 -0.000600362  0.000110651  0.000847051     0.676995   0.00363156     0.169133      2.30007     -1.11364     0.628103  0.000139519  0.000952605  0.000210075  0.000618866 -0.000759706   0.00104132    -0.334859     -36.4902     -17.0452      10.8325     0.825117       1.2563   -0.0929996 -7.91034e-16     -37.0979     -17.3209      10.9068       1.0773      1.32914    0.0172855
    0.806339        1.058    -0.911337     -1.73641     0.118985      2.59198      1.05554  0.000855473  0.000796802  0.000464399  0.000607738  3.53168e-05  0.000146483 -0.000630785     0.676995   0.00363853      0.16913      2.30008     -1.11362     0.628105  5.86985e-05  0.000901091 -0.000397613 -0.000269164  0.000676873   0.00205688    -0.386434     -36.5616     -17.0968      10.8087     0.813215      1.24989   -0.0609561  2.70617e-15      -37.098     -17.3209      10.9067       1.0773      1.32914    0.0172858
    0.806336        1.058    -0.911334      -1.7364     0.118985      2.59197      1.05554 -0.000488212 -0.000690252   -0.0006777  0.000778514  3.33994e-05 -0.000753549   0.00070601     0.676996    0.0036394     0.169128      2.30008     -1.11362     0.628104  0.000325073 -0.000333545  0.000763508  0.000311702  -0.00132383  -0.00132554    -0.311056     -36.5854     -17.0968      10.7571     0.813215      1.28193   -0.0929996  2.33147e-15     -37.0981     -17.3209      10.9068       1.0773      1.32914    0.0172857
    0.806338      1.05801    -0.911328     -1.73641     0.118982      2.59197      1.05554 -0.000127073  0.000412251  0.000492895 -0.000558767 -0.000491721  2.53043e-05  -0.00621966     0.676993   0.00364052     0.169122      2.30008     -1.11361     0.628089 -0.000269266 -0.000102437 -0.000556839  -0.00156873   0.00501091   0.00480923    -0.334859     -36.6608     -17.1722      10.8325     0.837019      1.26271   -0.0929996  1.58207e-15     -37.0981     -17.3209      10.9066      1.07729      1.32913    0.0172864
    0.806338      1.05801    -0.911328     -1.73641     0.118982      2.59198      1.05554  0.000164737 -0.000484683   0.00168662  0.000298207 -0.000123685  0.000337563   0.00884034     0.676993   0.00364162     0.169122      2.30008      -1.1136     0.628096 -6.08801e-07   0.00102345 -0.000381705   0.00299283  -0.00513474  -0.00528432    -0.334859     -36.6608     -17.1484      10.8087     0.837019      1.24989   -0.0737735  1.55431e-15     -37.0981     -17.3209      10.9066       1.0773      1.32914    0.0172863
    0.806337      1.05801    -0.911322     -1.73641     0.118982      2.59198      1.05554  -0.00074539   0.00149873   0.00151197  0.000316407 -0.000393324  6.57754e-05   0.00115352     0.676993   0.00364262     0.169117      2.30008      -1.1136     0.628088 -0.000222858  8.74665e-05   -0.0012616 -0.000159661   0.00117353 -0.000388528    -0.311056       -36.76     -17.2237      10.7849     0.843428       1.2563   -0.0865909   1.6237e-15     -37.0982     -17.3209      10.9066      1.07729      1.32913    0.0172867
    0.806335      1.05801    -0.911323     -1.73641     0.118981      2.59198      1.05554 -0.000831988  0.000180043 -9.09463e-06  -0.00162726 -0.000457033 -0.000311815  8.11483e-06      0.67699    0.0036376     0.169114      2.30008      -1.1136     0.628077   -0.0005478  -0.00115566 -0.000546601 -0.000749374   0.00169443  -0.00188424    -0.283285     -36.7838      -17.196      10.9079     0.848921      1.26271   -0.0801822  4.23273e-15     -37.0981     -17.3209      10.9064      1.07729      1.32912    0.0172872
    0.806329      1.05802    -0.911325     -1.73642      0.11898      2.59198      1.05554 -0.000525327  0.000428631 -0.000467232  -0.00137397  8.48053e-05 -0.000405493  0.000209562     0.676987   0.00362982     0.169109      2.30006      -1.1136     0.628063 -0.000458195  -0.00110402  -0.00040237 -0.000769971   0.00111518  -0.00217104    -0.207906      -36.879     -17.1722      10.9594      0.85533      1.26912   -0.0673648  1.94289e-16      -37.098     -17.3211      10.9062      1.07729      1.32911    0.0172881
    0.806321      1.05803    -0.911317     -1.73643     0.118976      2.59198      1.05554 -0.000419866   0.00251386 -0.000258373  -0.00102183 -0.000382482 -4.91267e-05  0.000630914     0.676983   0.00362498     0.169099      2.30005      -1.1136     0.628044 -0.000577414   -0.0010369  -0.00135735  -0.00229165   0.00211002  -0.00153256    -0.132528      -37.002     -17.2475      11.0348     0.891035      1.26271   -0.0929996  7.07767e-16      -37.098      -17.321      10.9061      1.07728       1.3291    0.0172889
     0.80633      1.05805    -0.911301     -1.73643     0.118972      2.59198      1.05554   0.00232345   0.00419928   0.00199669  -0.00103329 -0.000109662 -1.92903e-05  -0.00102907     0.676977   0.00363281     0.169082      2.30006     -1.11356     0.628015  -0.00101557   0.00158701  -0.00310415  -0.00227055   0.00558533   0.00343401    -0.259481     -37.1964     -17.4261      11.1062     0.896528      1.26271   -0.0481387 -3.48332e-15      -37.098      -17.321      10.9057      1.07726      1.32908    0.0172908
    0.806334      1.05806    -0.911291     -1.73644     0.118974      2.59198      1.05554  0.000876703  0.000129569   0.00385915 -0.000320362 -0.000407345 -0.000375191  4.61522e-05     0.676974   0.00363714     0.169074      2.30006     -1.11356        0.628 -0.000555588   0.00211117  -0.00181534   0.00188206   0.00317622   0.00252244    -0.311056     -37.2241     -17.4737      11.1062     0.913923      1.26912   -0.0801822 -2.63678e-16     -37.0981     -17.3209      10.9056      1.07725      1.32908    0.0172912
    0.806343      1.05806    -0.911273     -1.73644      0.11897      2.59197      1.05554  2.27188e-05 -3.83191e-05   0.00292308 -8.95373e-05   2.2622e-05  7.62792e-05  -0.00143246      0.67697   0.00365024     0.169064      2.30008     -1.11353     0.627981 -0.000323243   0.00125467  -0.00123796   0.00153327   0.00268906   0.00252717    -0.410238     -37.2479      -17.549      11.0824      0.90843       1.2563   -0.0481387  1.94289e-16     -37.0982     -17.3207      10.9056      1.07724      1.32908     0.017292
    0.806357      1.05805    -0.911257     -1.73644      0.11897      2.59197      1.05555   0.00249338  -0.00133842   0.00242974 -9.62585e-05  0.000101217 -0.000434746   0.00182737     0.676969   0.00366712      0.16906      2.30011     -1.11352     0.627977 -0.000180269    0.0028273  -0.00045644   0.00278087  -0.00016623   0.00188085    -0.513387      -37.125     -17.5252      11.0348      0.90843      1.26912    -0.118634 -2.01228e-15     -37.0984     -17.3204      10.9057      1.07723      1.32909    0.0172916
    0.806363      1.05805    -0.911233     -1.73644      0.11897      2.59198      1.05554   0.00314653 -0.000400964   0.00377855  0.000849209   0.00011114  0.000203719 -0.000807623     0.676969   0.00368429     0.169054      2.30014     -1.11349     0.627971 -8.18261e-05   0.00410694  -0.00116694   0.00265941   0.00179483   0.00626587    -0.537191     -37.0496      -17.549      10.9594     0.902021      1.24989   -0.0609561 -2.26208e-15     -37.0987       -17.32      10.9059      1.07722      1.32911    0.0172913
     0.80637      1.05804    -0.911229     -1.73643      0.11897      2.59198      1.05554 -0.000344107 -0.000525659 -0.000467721 -0.000293954 -0.000421951    1.072e-05 -0.000243574     0.676971   0.00369227     0.169057      2.30016     -1.11349     0.627977  1.93787e-05 -0.000464862  0.000362708 -0.000279724 -0.000128192 -0.000326209    -0.560995     -36.9782     -17.4499      10.9594     0.913923      1.26271   -0.0737735  1.30451e-15     -37.0987     -17.3199       10.906      1.07721      1.32912    0.0172908
    0.806372      1.05804    -0.911226     -1.73643      0.11897      2.59198      1.05554   0.00063087  0.000681531 -0.000558395  7.26968e-05 -0.000122123 -4.78244e-06  0.000704645     0.676971   0.00369647     0.169055      2.30016     -1.11349     0.627979  7.69513e-07  0.000131823 -6.70102e-05 -0.000768402 -0.000308559 -6.16618e-05    -0.588766      -37.002     -17.4499      10.9079      0.90843      1.26271   -0.0994083  3.69149e-15     -37.0988     -17.3198      10.9061      1.07721      1.32912    0.0172906
     0.80637      1.05805    -0.911219     -1.73643     0.118971      2.59198      1.05554 -0.000281446 -0.000226162  0.000376519  0.000453304  0.000363867  0.000187906  -0.00139985      0.67697   0.00369761     0.169051      2.30017     -1.11348      0.62797  0.000144558  0.000160509  8.74337e-05  0.000471089  0.000323159   0.00118639    -0.513387     -37.0496     -17.5014      10.9079     0.896528      1.24989     -0.04173  2.44249e-15     -37.0989     -17.3198       10.906      1.07721      1.32912     0.017291
    0.806364      1.05805     -0.91122     -1.73644      0.11897      2.59198      1.05554 -0.000584425   0.00071491 -0.000370994  -0.00212589  9.54473e-05  0.000140174   0.00107376     0.676966   0.00368746     0.169045      2.30015     -1.11349     0.627952 -0.000684594  -0.00135087  -0.00073749  -0.00083604  0.000948323  -0.00302167    -0.434042      -37.125     -17.4499      11.0586      0.90843       1.2563   -0.0929996  1.94289e-16     -37.0987     -17.3199      10.9058       1.0772      1.32911    0.0172917
    0.806354      1.05805    -0.911219     -1.73644      0.11897      2.59198      1.05554 -0.000368696 -0.000865183 -0.000508934   0.00116503  0.000185144 -0.000159583  -0.00102062     0.676967   0.00368363     0.169047      2.30015      -1.1135     0.627953  0.000499231  1.33459e-05  0.000925452   0.00044225  -0.00106768  0.000751666    -0.334859     -37.1012     -17.4499      10.9833     0.902021      1.26271   -0.0609561  9.57567e-16     -37.0988     -17.3198      10.9059       1.0772      1.32912    0.0172915
    0.806353      1.05806    -0.911219     -1.73644      0.11897      2.59198      1.05554  0.000170087   2.7543e-05  0.000508892 -0.000748191 -0.000232834  0.000305378   0.00062294     0.676965   0.00368007     0.169042      2.30014      -1.1135     0.627946 -0.000261762  0.000103888 -0.000408412  0.000142437  0.000348135 -0.000236786    -0.311056     -37.1726     -17.4499      11.0586      0.90843       1.2563   -0.0929996 -4.71845e-16     -37.0987     -17.3199      10.9057       1.0772      1.32911     0.017292
    0.806349      1.05805     -0.91122     -1.73645      0.11897      2.59198      1.05554 -0.000658645 -0.000349938 -0.000989654  -0.00120926 -0.000176057 -0.000320312 -0.000760364     0.676964   0.00367601     0.169043      2.30014      -1.1135      0.62794  -0.00025649  -0.00126144  0.000233284 -0.000840085  0.000775839  -0.00149138    -0.259481     -37.1488     -17.3983      11.1062      0.90843      1.26912   -0.0673648  4.85723e-16     -37.0986     -17.3199      10.9058       1.0772      1.32911    0.0172921
    0.806349      1.05805    -0.911218     -1.73644     0.118971      2.59198      1.05554  0.000255268  -0.00150473  0.000485521   0.00021991  0.000246015 -0.000178084 -0.000630816     0.676966   0.00367961     0.169046      2.30014      -1.1135     0.627946  0.000171487  0.000617811  0.000551658   0.00145003 -0.000471577  0.000865268    -0.311056     -37.0774     -17.4261      11.0348     0.896528      1.26271   -0.0609561            0     -37.0987     -17.3198      10.9059       1.0772      1.32912    0.0172917
    0.806355      1.05805    -0.911218     -1.73644     0.118971      2.59198      1.05554  0.000531988 -0.000749359  0.000306652 -0.000123091  0.000173726 -0.000242256  0.000287029     0.676967   0.00368466     0.169047      2.30015      -1.1135     0.627952   -8.316e-06  0.000518867  0.000173756  0.000852275 -0.000304863  0.000117964    -0.386434     -37.0496     -17.4261      11.0071     0.902021      1.26912   -0.0865909  3.66374e-15     -37.0988     -17.3198      10.9059       1.0772      1.32912    0.0172914
    0.806361      1.05804    -0.911218     -1.73644      0.11897      2.59198      1.05554  0.000540464  -0.00124866  6.55189e-05  0.000363689 -0.000166349  0.000233881  0.000418845     0.676968   0.00369025      0.16905      2.30016     -1.11349     0.627961  0.000265676   0.00068471  0.000674022  0.000990255  -0.00144478  0.000752181    -0.434042      -37.002     -17.4261      10.9594      0.90843       1.2563   -0.0801822  6.52256e-16     -37.0988     -17.3197       10.906       1.0772      1.32912    0.0172911
    0.806365      1.05805    -0.911216     -1.73643      0.11897      2.59198      1.05554   0.00103914  9.61134e-05  0.000538476  0.000998727  0.000201811 -0.000298458 -0.000644795     0.676968    0.0036936     0.169048      2.30016     -1.11348     0.627959  0.000211363   0.00123727 -2.61802e-05  0.000419429  0.000241301   0.00217235    -0.485616     -37.0258     -17.4499      10.9317     0.902021      1.26912   -0.0609561  3.27516e-15     -37.0989     -17.3197       10.906       1.0772      1.32912    0.0172913
    0.806363      1.05805    -0.911212     -1.73644      0.11897      2.59197      1.05554  3.53638e-06  0.000522594   0.00135444 -5.44591e-05 -6.87962e-05   0.00198327   0.00102227     0.676966   0.00369244     0.169045      2.30016     -1.11349      0.62795 -4.27338e-05  0.000653345 -0.000683101   0.00074471 -0.000867579   0.00115205    -0.461813     -37.0774     -17.5014      10.9833      0.90843      1.26271   -0.0994083 -4.30211e-16     -37.0988     -17.3197      10.9059       1.0772      1.32912    0.0172915
    0.806363      1.05805    -0.911214     -1.73644      0.11897      2.59198      1.05554 -0.000287666   0.00118986  0.000554576 -0.000190481  0.000101109  3.16348e-05 -0.000396068     0.676966   0.00369087     0.169044      2.30016     -1.11348      0.62795 -0.000248063 -0.000160165 -0.000842953 -0.000560033   0.00148272  0.000115354    -0.461813      -37.125     -17.4737      11.0071      0.90843      1.26271   -0.0673648  1.95677e-15     -37.0988     -17.3198      10.9059       1.0772      1.32911    0.0172918
    0.806359      1.05805    -0.911216     -1.73644     0.118968      2.59198      1.05554 -0.000431652  0.000567573 -0.000268237 -0.000818153 -0.000534571  0.000104138   0.00102307     0.676966     0.003687     0.169044      2.30015     -1.11349      0.62795 -0.000279233 -0.000736428 -0.000371599 -0.000873742   0.00031963  -0.00151929    -0.410238     -37.1012     -17.4499      11.0348     0.920332       1.2563   -0.0994083 -1.47105e-15     -37.0988     -17.3198      10.9058       1.0772      1.32911    0.0172918
    0.806359      1.05805    -0.911217     -1.73644      0.11897      2.59198      1.05554 -2.24221e-05 -0.000533504  -0.00114702   0.00060527  7.04678e-05 -0.000103056 -0.000696699     0.676967   0.00368827     0.169047      2.30015     -1.11349     0.627954  0.000359059 -0.000250134  0.000892364 -0.000291489  -0.00103897  0.000256968    -0.410238     -37.0774     -17.4261      10.9833      0.90843      1.26271   -0.0609561 -1.01308e-15     -37.0988     -17.3198      10.9059       1.0772      1.32912    0.0172915
    0.806356      1.05805    -0.911216     -1.73644     0.118969      2.59198      1.05554  -0.00111652  -0.00127892  0.000471036 -0.000316439 -0.000322556  1.59776e-05 -0.000412648     0.676966   0.00368501     0.169046      2.30015     -1.11349     0.627948  2.88409e-06 -0.000502703  0.000315626  0.000862007   1.4153e-05 -0.000581081    -0.358663     -37.0774     -17.4499      11.0348     0.913923      1.26271   -0.0673648  3.41394e-15     -37.0987     -17.3198      10.9059       1.0772      1.32912    0.0172917
    0.806358      1.05805    -0.911212     -1.73644      0.11897      2.59198      1.05555  -0.00013761  0.000330331  0.000484498 -0.000377365 -0.000156442 -4.02045e-05  0.000533597     0.676966   0.00368844     0.169043      2.30015      -1.1135     0.627948 -0.000208284  -5.1862e-05 -0.000466985 -2.17241e-05  0.000568327 -0.000499118    -0.386434     -37.1012     -17.4737      11.0071      0.90843      1.26271   -0.0865909  4.46865e-15     -37.0988     -17.3197      10.9059       1.0772      1.32912    0.0172916
    0.806358      1.05805    -0.911218     -1.73644      0.11897      2.59197      1.05554  0.000145131 -0.000114443   -0.0014307   0.00053105 -0.000175492 -0.000431363  -0.00125057     0.676968     0.003687     0.169047      2.30015     -1.11349     0.627954  0.000288224 -0.000354325  0.000766961   -0.0010728 -0.000176913  0.000598926    -0.386434     -37.0774     -17.3745      10.9594      0.90843      1.27552   -0.0481387  3.45557e-15     -37.0988     -17.3198      10.9059       1.0772      1.32912    0.0172915
    0.806356      1.05805    -0.911211     -1.73644      0.11897      2.59198      1.05554  -0.00049255  0.000283074   0.00104217  0.000546841 -6.32595e-05  0.000121708  0.000679911     0.676967   0.00368886     0.169045      2.30016      -1.1135     0.627951  4.00453e-05  0.000277268 -0.000419691  0.000612792 -1.83635e-05 -9.64708e-06    -0.358663     -37.0774     -17.4737      10.9594     0.902021      1.26271   -0.0929996 -1.94289e-16     -37.0989     -17.3197      10.9059       1.0772      1.32912    0.0172913
    0.806356      1.05805    -0.911211     -1.73644      0.11897      2.59198      1.05554 -0.000461905  0.000477448  0.000838793  0.000984845  6.08436e-05 -0.000318625 -4.55864e-05     0.676967   0.00368812     0.169043      2.30015     -1.11349     0.627947  0.000135811  0.000301293  -0.00034006  0.000337212  0.000410817  0.000422831    -0.358663     -37.1012     -17.4737      10.9594     0.902021      1.26912   -0.0801822  3.46945e-15     -37.0989     -17.3197      10.9059       1.0772      1.32912    0.0172917
    0.806354      1.05805    -0.911213     -1.73644      0.11897      2.59198      1.05554  -0.00077689  -0.00096264  0.000197661  0.000441461 -0.000170709 -1.59807e-05 -4.97263e-05     0.676967   0.00368625     0.169046      2.30015      -1.1135      0.62795  0.000226122  -0.00017605  0.000484882  0.000766186 -0.000736592  -0.00024429    -0.358663     -37.0496     -17.4499      10.9833      0.90843      1.26271   -0.0737735  1.56819e-15     -37.0988     -17.3197      10.9059       1.0772      1.32912    0.0172914
    0.806359      1.05805    -0.911215     -1.73644     0.118969      2.59198      1.05554  0.000317716  5.79138e-05  -0.00109858  0.000568202 -0.000271881  0.000189822  0.000571317     0.676967   0.00368882     0.169044      2.30015     -1.11349     0.627951  0.000299525  -5.4879e-05  0.000601543 -0.000665614  -0.00143145  1.84505e-05    -0.410238     -37.1012     -17.4261      10.9833     0.913923      1.26271   -0.0865909   -6.245e-16     -37.0988     -17.3198      10.9059       1.0772      1.32911    0.0172917
    0.806363      1.05805    -0.911213     -1.73644     0.118972      2.59198      1.05554  0.000939004  -0.00116435 -0.000480982  -0.00053841  0.000379667 -4.40039e-05    0.0012764     0.676966   0.00369124     0.169045      2.30016     -1.11349     0.627948   9.4403e-06  0.000375072  0.000609344  0.000941438  -0.00164468 -0.000904227    -0.461813     -37.0496     -17.4499      11.0348     0.891035      1.26271   -0.0545474    4.996e-15     -37.0988     -17.3197      10.9059       1.0772      1.32912    0.0172915
    0.806363      1.05805    -0.911208     -1.73644     0.118972      2.59198      1.05554  0.000542633 -0.000237187   0.00114517  0.000164904  0.000271128 -0.000242873   -0.0002717     0.676966   0.00369409     0.169042      2.30016     -1.11349     0.627946 -6.53429e-05  0.000922878 -0.000344424   0.00100066  0.000677055   0.00110674    -0.461813     -37.0774     -17.5252      11.0071     0.896528      1.26912   -0.0737735   3.4972e-15     -37.0989     -17.3196      10.9059      1.07719      1.32912    0.0172915
    0.806365      1.05805    -0.911211     -1.73644     0.118971      2.59198      1.05554   0.00100624  0.000649178  0.000768715   0.00030592   0.00024989 -9.28099e-05  0.000193716     0.676966   0.00369437     0.169043      2.30016     -1.11348      0.62795  -7.1293e-05   0.00102872 -0.000553593  0.000242884  0.000562015   0.00123469    -0.485616     -37.1012     -17.4737      10.9833     0.896528      1.26912   -0.0801822  1.44329e-15     -37.0989     -17.3197      10.9059       1.0772      1.32912    0.0172916
    0.806363      1.05804    -0.911215     -1.73644     0.118973      2.59198      1.05554  0.000344506 -0.000564885 -0.000662776  9.75838e-05  2.62982e-05  6.49687e-05 -0.000769686     0.676967   0.00369214     0.169048      2.30016     -1.11349     0.627956  0.000168335  5.18663e-05  0.000578361 -9.34518e-05 -0.000463574  0.000701591    -0.461813     -37.0258     -17.4261      10.9833     0.902021      1.26271   -0.0609561  2.31759e-15     -37.0988     -17.3197       10.906       1.0772      1.32913    0.0172911
    0.806359      1.05805    -0.911215     -1.73644      0.11897      2.59197      1.05554 -0.000505873  0.000685401 -0.000103093  0.000352532  3.45797e-07 -0.000584764   0.00108347     0.676967   0.00368917     0.169046      2.30015      -1.1135     0.627952 -7.91517e-06 -0.000391848 -0.000229723 -0.000346763  -5.8008e-05  -0.00151627    -0.410238     -37.0774     -17.4261      10.9833     0.902021      1.27552   -0.0994083  2.67841e-15     -37.0988     -17.3197      10.9059       1.0772      1.32912    0.0172914
    0.806359      1.05805    -0.911217     -1.73644      0.11897      2.59198      1.05554  0.000116342   0.00016145 -0.000792903 -0.000115133  5.73923e-06  8.13274e-05  -0.00128204     0.676967   0.00368794     0.169046      2.30016     -1.11349     0.627953  3.60722e-05  -0.00031513  0.000235222 -0.000839789  0.000418865  0.000678513    -0.410238     -37.0774     -17.3983      11.0071     0.902021       1.2563   -0.0545474    3.747e-15     -37.0988     -17.3198      10.9059       1.0772      1.32912    0.0172916
    0.806358      1.05805    -0.911211     -1.73644     0.118971      2.59198      1.05554 -2.42886e-06   0.00124207  0.000835523 -0.000409273  0.000214388 -9.28796e-05   0.00115752     0.676965   0.00368838     0.169041      2.30015     -1.11349     0.627945 -0.000362994   6.2908e-05  -0.00105336 -0.000115564  0.000939576 -0.000950524    -0.386434      -37.125     -17.4737      11.0071     0.902021      1.26271   -0.0994083  2.38698e-15     -37.0988     -17.3197      10.9058       1.0772      1.32911    0.0172918
    0.806358      1.05805    -0.911212     -1.73644      0.11897      2.59198      1.05554  0.000693269  -0.00015505   -0.0006662  -0.00107491  7.05165e-05 -6.55118e-05   0.00130011     0.676965   0.00368767     0.169043      2.30015      -1.1135     0.627946 -0.000253004 -0.000169223  6.30159e-05 -0.000196226 -0.000550397  -0.00145429    -0.386434     -37.1012     -17.4261      11.0348     0.902021      1.26271    -0.105817 -2.53964e-15     -37.0988     -17.3197      10.9059       1.0772      1.32912    0.0172916
    0.806356      1.05805    -0.911214     -1.73644      0.11897      2.59198      1.05554 -0.000202418 -0.000172027 -0.000366466 -0.000349895  8.00341e-05  0.000115958  0.000531246     0.676966   0.00368625     0.169045      2.30015      -1.1135      0.62795 -3.90315e-05 -0.000385676  0.000152395  3.59023e-06 -0.000553605   -0.0010049    -0.358663     -37.1012     -17.4261      11.0071     0.902021       1.2563   -0.0994083  4.05231e-15     -37.0988     -17.3197      10.9059       1.0772      1.32912    0.0172915
    0.806359      1.05805    -0.911208     -1.73644      0.11897      2.59197      1.05554  0.000339531 -0.000349948  0.000758833 -0.000295181   4.6358e-05  0.000140184   0.00096551     0.676965    0.0036911     0.169042      2.30016     -1.11349     0.627943 -0.000119917  0.000508056  -0.00022428  0.000879727 -0.000279051 -0.000170026    -0.410238     -37.0774     -17.4737      11.0071     0.902021      1.26271   -0.0994083  4.45477e-15     -37.0989     -17.3197      10.9059      1.07719      1.32912    0.0172916
     0.80636      1.05805    -0.911211     -1.73644      0.11897      2.59198      1.05554     0.001094  -0.00104539 -0.000118611 -0.000366562 -0.000103449 -0.000102724  -0.00116926     0.676967   0.00369157     0.169045      2.30016     -1.11349     0.627951  4.45998e-06  0.000683028  0.000435462  0.000325997  0.000303072   0.00167657    -0.434042     -37.0496     -17.4261      10.9833      0.90843      1.26271   -0.0545474 -8.60423e-16     -37.0988     -17.3197       10.906       1.0772      1.32912    0.0172915
    0.806361      1.05805    -0.911206     -1.73644     0.118971      2.59198      1.05554   9.6144e-05    0.0013201   0.00136839 -2.56781e-05  0.000230335  5.42994e-06  -0.00038381     0.676966   0.00369365     0.169041      2.30016     -1.11348     0.627944 -0.000300827   0.00048695  -0.00120529   -4.819e-05   0.00192577  0.000907294    -0.434042      -37.125     -17.5014      10.9833     0.896528      1.26271   -0.0673648  8.74301e-16     -37.0989     -17.3196      10.9059      1.07719      1.32912    0.0172917
    0.806361      1.05805    -0.911206     -1.73644     0.118971      2.59198      1.05554   0.00042388 -0.000493353  0.000918232  0.000105355  0.000255881   0.00063556  9.77517e-05     0.676966   0.00369408     0.169042      2.30017     -1.11349     0.627948  4.73475e-05  0.000819936 -7.62978e-05   0.00117246 -0.000495044   0.00112125    -0.434042     -37.0496     -17.5014      10.9833     0.896528      1.24989   -0.0801822 -8.32667e-17     -37.0989     -17.3196      10.9059       1.0772      1.32912    0.0172915
    0.806361      1.05805    -0.911208     -1.73644     0.118969      2.59198      1.05554  0.000380369 -0.000164447  0.000692473 -0.000109103 -0.000149605 -8.99009e-05 -0.000952902     0.676966   0.00369272     0.169043      2.30016     -1.11348     0.627945 -9.73422e-05  0.000534025 -0.000253772  0.000234208   0.00111844   0.00140859    -0.434042     -37.0774     -17.4737      11.0071     0.913923      1.26271   -0.0545474  6.75848e-15     -37.0989     -17.3196      10.9059       1.0772      1.32912    0.0172917
    0.806356      1.05805    -0.911211     -1.73644     0.118969      2.59198      1.05554  -0.00102362  -0.00125298  -0.00020146  -0.00141904 -0.000217684  0.000211634  0.000461027     0.676965   0.00368662     0.169044      2.30015      -1.1135     0.627944 -0.000253155  -0.00109307  0.000309074  0.000493728 -0.000347654  -0.00218579    -0.358663     -37.0258     -17.4261      11.0586     0.913923      1.26271   -0.0865909 -4.30211e-16     -37.0988     -17.3197      10.9059       1.0772      1.32912    0.0172916
    0.806359      1.05804     -0.91121     -1.73644     0.118971      2.59198      1.05554  6.98693e-05  -0.00145369  0.000356993 -0.000197841  0.000489683  -0.00119268   0.00125345     0.676966    0.0036912     0.169045      2.30016      -1.1135     0.627949 -3.87263e-05  0.000210941  0.000395182   0.00168441 -0.000710668  -0.00190845    -0.410238     -37.0258     -17.4499      11.0071     0.891035      1.26912   -0.0994083   5.7454e-15     -37.0988     -17.3196       10.906       1.0772      1.32913    0.0172912
    0.806359      1.05805    -0.911215     -1.73644      0.11897      2.59198      1.05554  -0.00037059   0.00138191  -0.00179447  0.000162003 -9.70148e-05  -4.6295e-06  6.77133e-06     0.676967   0.00368868     0.169044      2.30015     -1.11349     0.627951  8.23485e-05  -0.00113188  0.000150762  -0.00211552 -0.000245207  -0.00108854    -0.410238      -37.125     -17.3745      10.9833     0.902021      1.26271   -0.0737735 -1.91513e-15     -37.0988     -17.3198      10.9059       1.0772      1.32912    0.0172917
    0.806359      1.05805     -0.91121     -1.73644      0.11897      2.59197      1.05554 -0.000968115 -6.89177e-05 -0.000197845  -0.00107315  0.000333228  -0.00059032   0.00115154     0.676965   0.00369007     0.169043      2.30016      -1.1135     0.627945 -0.000351293  -0.00114428 -0.000212562  0.000127023  0.000183381  -0.00326469    -0.410238     -37.0774     -17.4499      11.0348     0.902021      1.27552    -0.105817  4.16334e-17     -37.0988     -17.3197      10.9059      1.07719      1.32912    0.0172916
    0.806361      1.05805     -0.91121     -1.73644     0.118975      2.59198      1.05554 -0.000108586  0.000910389 -0.000257004  -0.00014303  0.000441799 -6.60297e-05  -0.00138227     0.676966   0.00369168     0.169043      2.30016     -1.11349     0.627945 -0.000125266 -0.000351788 -0.000358143 -0.000801805    0.0012814  0.000415299    -0.434042     -37.1012     -17.4499      11.0071     0.896528      1.26271   -0.0481387  3.41394e-15     -37.0988     -17.3197      10.9059       1.0772      1.32912    0.0172916
    0.806361      1.05805    -0.911211     -1.73644     0.118971      2.59198      1.05554  0.000250596  0.000195776 -0.000878831  0.000786782  0.000127429  5.10643e-05  0.000429957     0.676967   0.00369203     0.169044      2.30016     -1.11349     0.627951  0.000317008  3.59701e-05  0.000496293 -0.000365745  -0.00132969 -1.30217e-05    -0.434042     -37.0774     -17.4261      10.9594     0.896528      1.26271   -0.0865909  1.45717e-15     -37.0989     -17.3197      10.9059       1.0772      1.32912    0.0172915
    0.806358      1.05805    -0.911213     -1.73644     0.118969      2.59198      1.05554 -0.000249916  6.12743e-05 -0.000952836   0.00597878 -0.000450011   0.00390002 -0.000584452     0.676966   0.00368797     0.169044      2.30015     -1.11349     0.627948    0.0022867   0.00173157    0.0022708  0.000351843  -0.00720047   0.00660435    -0.386434     -37.1012     -17.3983      11.0071     0.913923      1.26271   -0.0737735  5.17641e-15     -37.0988     -17.3197      10.9059       1.0772      1.32912    0.0172917
    0.806354      1.05805    -0.911211     -1.73644      0.11897      2.59198      1.05554 -0.000733265 -7.22342e-05 -0.000644501   0.00129759 -0.000177682   0.00021043 -0.000315544     0.676967   0.00368741     0.169044      2.30016     -1.11349     0.627948  0.000497964 -0.000308191  0.000668732 -0.000269367  -0.00125942  0.000327791    -0.334859     -37.1012     -17.4261      10.9594      0.90843      1.26271   -0.0673648  1.85962e-15     -37.0989     -17.3197      10.9059       1.0772      1.32912    0.0172916
    0.806354      1.05805    -0.911213     -1.73644     0.118972      2.59198      1.05554  -0.00022172  0.000121352  -0.00121777  -0.00102806  0.000169488  3.38999e-05  0.000336415     0.676965   0.00368398     0.169042      2.30015      -1.1135     0.627942 -0.000199673  -0.00103732  0.000187789 -0.000822787 -0.000264128  -0.00186617    -0.334859      -37.125     -17.3983      11.0586     0.896528      1.26271   -0.0865909  2.91434e-15     -37.0988     -17.3198      10.9058       1.0772      1.32912    0.0172918
    0.806354      1.05805    -0.911213     -1.73644      0.11897      2.59198      1.05554 -0.000476371  0.000155261  -0.00107495    6.335e-05  0.000185295 -0.000243409  0.000451333     0.676966   0.00368515     0.169043      2.30015      -1.1135     0.627946  9.52618e-05   -0.0008034   0.00038269 -0.000563638 -0.000784219  -0.00157342    -0.334859      -37.125     -17.3983      11.0071     0.902021      1.26912   -0.0865909  1.70697e-15     -37.0988     -17.3198      10.9058       1.0772      1.32911    0.0172917
    0.806354      1.05805    -0.911211     -1.73644      0.11897      2.59198      1.05554 -0.000535897 -0.000348374 -0.000465202 -9.02872e-05 -0.000111069  9.58486e-05  0.000210781     0.676966   0.00368654     0.169044      2.30015      -1.1135     0.627947  7.07177e-05 -0.000543912  0.000343005 -7.19536e-05 -0.000625728 -0.000859245    -0.334859     -37.0774     -17.4261      11.0071      0.90843      1.26271   -0.0929996  1.09635e-15     -37.0988     -17.3197      10.9059       1.0772      1.32912    0.0172915
    0.806359      1.05805     -0.91121     -1.73644     0.118968      2.59198      1.05554   0.00018025   0.00114856  0.000463199 -0.000299569 -0.000597295  0.000104938   0.00113403     0.676965   0.00369035     0.169041      2.30016     -1.11349     0.627946 -0.000263908  0.000100831  -0.00081691 -0.000783156  0.000774717 -0.000237836    -0.410238      -37.125     -17.4499      11.0071     0.920332      1.26271   -0.0994083  2.84495e-15     -37.0988     -17.3197      10.9059       1.0772      1.32911    0.0172918
    0.806361      1.05805    -0.911208     -1.73644      0.11897      2.59197      1.05554 -0.000150804  8.70193e-05  0.000763631 -0.000419034   0.00013534 -2.65913e-05  -0.00124309     0.676965   0.00369201     0.169042      2.30016     -1.11349     0.627939 -0.000221104  7.09215e-05 -0.000477125  0.000184254   0.00156334  0.000788398    -0.434042     -37.0774     -17.4737      11.0071     0.902021      1.26271   -0.0545474  5.21805e-15     -37.0988     -17.3197      10.9059      1.07719      1.32912    0.0172919
   0.806365     1.05805    -0.91121    -1.73643    0.118971     2.59198     1.05554 0.000540165 0.000289675 0.000276132  0.00122933 0.000315442 6.00514e-05   0.0010583    0.676967  0.00369594    0.169044     2.30016    -1.11348    0.627954 0.000321989 0.000866388 8.44332e-05 0.000582132 -0.00132434 0.000558026   -0.485616    -37.0774    -17.4499     10.9317    0.896528     1.26271  -0.0994083 4.02456e-16    -37.0989    -17.3197     10.9059      1.0772     1.32912   0.0172914
    0.806361      1.05805    -0.911206     -1.73644      0.11897      2.59198      1.05554  -0.00101612 -0.000124748   0.00100233 -0.000122144  -3.5603e-05    0.0037922 -0.000891192     0.676966   0.00369435     0.169043      2.30017     -1.11348     0.627947  0.000210783 -1.87611e-06 -0.000107782  0.000815101  -0.00171118    0.0025106    -0.434042     -37.0496     -17.5014      10.9833      0.90843      1.26271   -0.0609561  1.17961e-15     -37.0989     -17.3196       10.906      1.07719      1.32913    0.0172915
    0.806363      1.05805    -0.911206     -1.73644      0.11897      2.59198      1.05554  4.79056e-05 -0.000660886  9.56481e-05  0.000433857 -2.70544e-05  0.000390558  0.000222459     0.676966   0.00369572     0.169043      2.30017     -1.11349     0.627948  0.000233435  0.000327982  0.000416826  0.000666979  -0.00112728  0.000488302    -0.461813     -37.0496     -17.4737      10.9833      0.90843       1.2563   -0.0865909  1.55431e-15     -37.0989     -17.3196       10.906      1.07719      1.32912    0.0172914
    0.806361      1.05805    -0.911208     -1.73644      0.11897      2.59197      1.05554  0.000469211  0.000686947  0.000299542  4.15412e-05  0.000218257 -0.000338078  0.000475766     0.676965   0.00369217     0.169041      2.30016     -1.11349     0.627943 -0.000127859  0.000351337 -0.000462732 -0.000103898  0.000506958 -6.75931e-05    -0.434042      -37.125     -17.4737      11.0071     0.902021      1.27552   -0.0929996  4.78784e-15     -37.0989     -17.3197      10.9059      1.07719      1.32912    0.0172918
    0.806359      1.05805    -0.911208     -1.73644     0.118968      2.59198      1.05554  0.000422047  0.000384535 -0.000569581 -0.000905022 -0.000386711 -5.83485e-05 -0.000706178     0.676965   0.00369039     0.169041      2.30016     -1.11348     0.627941 -0.000270987 -0.000310297 -0.000191666    -0.001172   0.00119056  0.000258193    -0.410238     -37.1012     -17.4261      11.0348     0.920332      1.26271   -0.0609561 -8.04912e-16     -37.0988     -17.3197      10.9059       1.0772      1.32912     0.017292
    0.806354      1.05805    -0.911206     -1.73644     0.118973      2.59198      1.05554  -0.00073703  0.000213659  0.000219857    0.0011361 -8.74297e-05 -0.000135105   0.00142568     0.676966    0.0036894     0.169042      2.30016      -1.1135     0.627945  0.000294468 -5.35589e-05  9.92088e-05  0.000368208  -0.00125056 -0.000971925    -0.334859     -37.1012     -17.4499      10.9594      0.90843      1.26912   -0.0994083    3.747e-16     -37.0989     -17.3196      10.9059      1.07719      1.32912    0.0172914
    0.806356      1.05805    -0.911209     -1.73644     0.118972      2.59198      1.05554 -0.000516273  0.000608071 -0.000202697  0.000535287  0.000385413 -0.000310909 -0.000738086     0.676965   0.00368809      0.16904      2.30015     -1.11349     0.627942  9.27344e-05 -0.000356221 -7.64047e-05 -0.000373259  0.000443911 -0.000113815    -0.358663      -37.125     -17.4261      10.9833     0.891035      1.26912   -0.0609561  1.15186e-15     -37.0989     -17.3197      10.9058       1.0772      1.32912    0.0172919
    0.806356      1.05805     -0.91121     -1.73644     0.118971      2.59198      1.05554 -0.000642942  0.000317565 -0.000243349  0.000605303  0.000271834  0.000165606   0.00141402     0.676966   0.00368849     0.169043      2.30016      -1.1135     0.627948  0.000194092 -0.000364551  0.000131665  0.000185593  -0.00147372  -0.00148844    -0.358663     -37.1012     -17.4261      10.9833     0.896528      1.26271    -0.105817 -2.05391e-15     -37.0989     -17.3197      10.9059       1.0772      1.32912    0.0172914
    0.806358      1.05805    -0.911208     -1.73644      0.11897      2.59198      1.05554 -0.000258367 -0.000225812  0.000259207  0.000512315  8.18284e-05  0.000201075  0.000789767     0.676966    0.0036913     0.169042      2.30016     -1.11349     0.627948  0.000175684  0.000150619  0.000150341  0.000625941  -0.00102945 -0.000305115    -0.386434     -37.0774     -17.4499      10.9594     0.902021       1.2563   -0.0929996  1.23512e-15     -37.0989     -17.3197      10.9059       1.0772      1.32912    0.0172915
    0.806359      1.05805    -0.911208     -1.73644      0.11897      2.59198      1.05554  7.37291e-05  0.000670833 -0.000294378  0.000588035  0.000133401  4.85156e-05 -0.000903627     0.676965   0.00369069     0.169041      2.30016     -1.11348     0.627942  0.000140775  4.43494e-05 -2.84905e-05 -0.000632334  0.000327289  0.000976338    -0.410238     -37.1012     -17.4261      10.9833     0.902021      1.26271   -0.0481387  3.02536e-15     -37.0989     -17.3197      10.9059       1.0772      1.32912     0.017292
    0.806358      1.05805    -0.911209     -1.73644      0.11897      2.59198      1.05554  -0.00074572   -0.0006012 -0.000266665  -0.00023289 -0.000155652 -0.000336584  0.000401839     0.676966   0.00369017     0.169044      2.30016     -1.11349     0.627946 -3.10005e-06 -0.000650028  0.000306093  0.000173245 -0.000342689  -0.00146451    -0.386434     -37.0496     -17.4261      11.0071      0.90843      1.26912   -0.0801822  1.44329e-15     -37.0988     -17.3196      10.9059       1.0772      1.32912    0.0172915
    0.806359      1.05805    -0.911212     -1.73644      0.11897      2.59198      1.05554 -0.000177956  -0.00048618  -0.00143267  0.000502834  0.000104875 -0.000186229  9.98717e-05     0.676967   0.00369029     0.169045      2.30016     -1.11349     0.627951  0.000345267 -0.000525462  0.000957635 -0.000353396  -0.00155538 -0.000793335    -0.410238     -37.0496     -17.3983      10.9833     0.902021      1.26271   -0.0801822   1.3739e-15     -37.0988     -17.3197      10.9059       1.0772      1.32912    0.0172915
    0.806361      1.05805    -0.911208     -1.73645      0.11897      2.59198      1.05554  0.000283128 -0.000761319 -0.000815823  -0.00163271 -0.000237856  0.000169915 -0.000492534     0.676964   0.00369053     0.169042      2.30016     -1.11349     0.627939 -0.000319072 -0.000606537  0.000276906 -0.000461424  0.000384515 -0.000611377    -0.434042     -37.0496     -17.4261      11.0586      0.90843      1.26271   -0.0609561  9.15934e-16     -37.0987     -17.3196      10.9059      1.07719      1.32912    0.0172918
    0.806359      1.05805    -0.911205     -1.73644      0.11897      2.59197      1.05554  5.96773e-05  8.67438e-06  0.000697348  2.64916e-05 -0.000330063 -5.97365e-05  0.000514654     0.676965   0.00369252     0.169041      2.30016     -1.11349     0.627939 -7.20317e-05   0.00034932 -0.000300962  0.000287849  0.000296423  0.000188253    -0.410238     -37.0774     -17.4737      11.0071      0.90843      1.26271   -0.0865909  7.91034e-16     -37.0989     -17.3196      10.9059      1.07719      1.32912    0.0172918
    0.806363      1.05805    -0.911205     -1.73644      0.11897      2.59198      1.05554  0.000994954 -0.000162992  0.000560532 -0.000196206  0.000257231    9.487e-05   -0.0010877     0.676965   0.00369496     0.169041      2.30017     -1.11348     0.627942 -9.58172e-05  0.000871231 -0.000202769  0.000401587  0.000864635   0.00187221    -0.461813     -37.0774     -17.4737      11.0071     0.902021      1.26271   -0.0545474 -9.71445e-17     -37.0989     -17.3196      10.9059      1.07719      1.32912    0.0172918
    0.806359      1.05805     -0.91121     -1.73644      0.11897      2.59198      1.05554  -0.00028408  0.000368014  -0.00123201 -0.000206843 -0.000185496 -0.000351536 -0.000586411     0.676966    0.0036904     0.169043      2.30016     -1.11349     0.627945  -6.8165e-06 -0.000860109  0.000263731  -0.00130709  0.000335517 -0.000692821    -0.410238     -37.1012     -17.3983      11.0071      0.90843      1.26912   -0.0673648 -1.38778e-15     -37.0988     -17.3197      10.9059       1.0772      1.32912    0.0172917
    0.806359      1.05805    -0.911206     -1.73644      0.11897      2.59198      1.05554  0.000462031 -0.000414049  8.48979e-05 -0.000225259 -6.40824e-05  -0.00014925 -0.000423265     0.676966   0.00369277     0.169042      2.30016     -1.11349     0.627945 -4.65826e-05  0.000312026  8.65432e-05  0.000177176  0.000327904  0.000616712    -0.410238     -37.0774     -17.4499      10.9833      0.90843      1.26271   -0.0673648 -3.19189e-16     -37.0989     -17.3196      10.9059      1.07719      1.32912    0.0172916
    0.806358      1.05805    -0.911203     -1.73643      0.11897      2.59198      1.05554  -0.00281544 -0.000232129    0.0010733   0.00139477  2.06088e-05 -0.000450065 -0.000424994     0.676967   0.00369465     0.169043      2.30017     -1.11349     0.627947  0.000315421 -0.000977272 -5.74583e-06  0.000953987  0.000130241  -0.00130197    -0.386434     -37.0496     -17.5014      10.9317     0.902021      1.27552   -0.0737735 -2.91434e-16      -37.099     -17.3195       10.906      1.07719      1.32913    0.0172913
    0.806359      1.05805    -0.911208     -1.73644     0.118971      2.59198      1.05554   5.8232e-05  0.000573239 -0.000592184  -0.00121755  0.000182765  0.000197434 -3.70836e-05     0.676965   0.00369028     0.169041      2.30016     -1.11349     0.627942 -0.000361691 -0.000683925 -0.000328182  -0.00085025  0.000674528  -0.00102762    -0.410238     -37.1012     -17.4261      11.0348     0.902021       1.2563   -0.0801822 -1.29063e-15     -37.0988     -17.3197      10.9059       1.0772      1.32912    0.0172918
    0.806356      1.05805    -0.911208     -1.73644      0.11897      2.59198      1.05554  -0.00101107  0.000306966 -0.000984938 -0.000609176 -4.21763e-06  0.000160735 -0.000798376     0.676964   0.00368762      0.16904      2.30016     -1.11349     0.627939 -0.000101828  -0.00133958  0.000121574  -0.00105734  0.000392154  -0.00119722    -0.358663     -37.1012     -17.4261      11.0071      0.90843      1.26271   -0.0609561  1.34615e-15     -37.0988     -17.3197      10.9058      1.07719      1.32912     0.017292
    0.806358      1.05805    -0.911208     -1.73644     0.118971      2.59198      1.05554  5.23892e-05  0.000758602 -0.000337198  0.000565272  0.000410709  8.36918e-05 -0.000430197     0.676966   0.00369046     0.169041      2.30016     -1.11349     0.627944  0.000131928 -8.11452e-06 -5.17305e-05  -0.00044996 -6.03932e-05   0.00040955    -0.386434      -37.125     -17.4261      10.9833     0.896528      1.26271   -0.0609561 -3.46945e-16     -37.0989     -17.3197      10.9059       1.0772      1.32912    0.0172918
    0.806359      1.05805    -0.911208     -1.73644     0.118971      2.59198      1.05554  0.000518116  0.000471286 -0.000206171  0.000193752  0.000554732   0.00540671  0.000555397     0.676965   0.00369027      0.16904      2.30016     -1.11349     0.627943  0.000505916  0.000662889  0.000339019  0.000512029  -0.00466227   0.00323074    -0.410238      -37.125     -17.4261      11.0071     0.891035       1.2563   -0.0994083  3.41394e-15     -37.0988     -17.3197      10.9058       1.0772      1.32912    0.0172917
    0.806358      1.05805    -0.911205     -1.73644     0.118971      2.59198      1.05554  0.000353417  0.000251288  0.000843623 -0.000238284  0.000386535  0.000876909 -0.000142494     0.676965   0.00369172     0.169041      2.30016     -1.11349     0.627943 -0.000113692  0.000551532 -0.000467547  0.000594307  0.000122295   0.00103589    -0.386434     -37.1012     -17.4737      11.0071     0.896528      1.24989   -0.0737735  3.45557e-15     -37.0989     -17.3196      10.9059      1.07719      1.32912    0.0172916
    0.806359      1.05805    -0.911208     -1.73644      0.11897      2.59198      1.05554  0.000455471   4.4132e-05 -0.000294569 -0.000160004  3.08075e-05  5.79129e-05  -0.00152286     0.676966   0.00369151     0.169043      2.30016     -1.11349     0.627944 -2.00575e-05  0.000125818  6.59142e-05 -0.000491954  0.000838165   0.00138556    -0.410238     -37.0774     -17.4261      11.0071     0.902021      1.26271   -0.0481387  3.20577e-15     -37.0989     -17.3196      10.9059       1.0772      1.32912    0.0172917
    0.806359      1.05805    -0.911206     -1.73644      0.11897      2.59198      1.05554 -0.000105983 -0.000415153  0.000572977   0.00017307 -0.000136014 -0.000338326   0.00102461     0.676966   0.00369269     0.169043      2.30016     -1.11349     0.627946  1.06845e-05  0.000259927  -2.8313e-05  0.000743567 -0.000362223 -0.000623447    -0.410238     -37.0496     -17.4499      10.9833      0.90843      1.26912   -0.0994083   -2.498e-16     -37.0989     -17.3196       10.906      1.07719      1.32912    0.0172914
    0.806361      1.05805    -0.911206     -1.73644     0.118973      2.59197      1.05554  5.67203e-05  0.000415744 -3.40814e-05  0.000195244 -0.000138718  -2.6572e-05  0.000338564     0.676965   0.00369322     0.169042      2.30016     -1.11349     0.627944  1.39546e-05   4.0679e-05  -0.00013288  -0.00031938  2.59874e-07  -1.7557e-05    -0.434042     -37.0774     -17.4499      11.0071      0.90843      1.26271   -0.0865909 -8.74301e-16     -37.0989     -17.3196      10.9059      1.07719      1.32912    0.0172915
    0.806361      1.05805    -0.911206     -1.73644     0.118969      2.59198      1.05554  0.000284015  0.000890236   0.00225839 -0.000532577 -0.000427738  0.000130985   0.00103603     0.676965   0.00369305     0.169041      2.30016     -1.11349     0.627945 -0.000492789  0.000895906  -0.00151391   0.00054303   0.00185666  0.000574786    -0.434042     -37.0774     -17.4499      11.0071     0.913923      1.26271   -0.0994083 -7.77156e-16     -37.0989     -17.3196      10.9059      1.07719      1.32912    0.0172917
    0.806359      1.05805    -0.911206     -1.73644     0.118971      2.59198      1.05554 -0.000148344  -0.00193401  0.000719218 -0.000272417  0.000330859  -0.00427536 -0.000112754     0.676966   0.00369222     0.169043      2.30016     -1.11349     0.627944 -0.000317766  2.55849e-05  0.000209505   0.00161112   0.00250851  -0.00282017    -0.410238      -37.002     -17.4499      11.0071     0.896528      1.26912   -0.0801822 -6.38378e-16     -37.0989     -17.3196       10.906      1.07719      1.32913    0.0172914
    0.806359      1.05805    -0.911206     -1.73644     0.118969      2.59198      1.05554 -6.70997e-05 -0.000904372  0.000379614  0.000150483 -0.000197799 -0.000113231   0.00096171     0.676965   0.00369196     0.169042      2.30016     -1.11349     0.627944     9.92e-05  0.000270692  0.000294587  0.000942813 -0.000913745 -0.000465914    -0.410238     -37.0496     -17.4499      11.0071     0.913923      1.26271   -0.0994083 -2.10942e-15     -37.0989     -17.3196      10.9059      1.07719      1.32912    0.0172916
    0.806359      1.05805    -0.911205     -1.73644      0.11897      2.59198      1.05554   0.00027853 -4.83475e-05  0.000698203   -0.0004357 -0.000198686   0.00229817  0.000226602     0.676965    0.0036921      0.16904      2.30016     -1.11349     0.627941 -2.70845e-07  0.000520342 -0.000215686  0.000488837  -0.00110262   0.00173155    -0.410238     -37.0774     -17.4737      11.0071      0.90843       1.2563   -0.0801822  6.52256e-16     -37.0989     -17.3196      10.9059      1.07719      1.32912    0.0172917
    0.806356      1.05805    -0.911205     -1.73644     0.118971      2.59197      1.05554  -0.00150341 -0.000446305  0.000513202    0.0008625  0.000327401 -0.000319885  0.000785286     0.676966   0.00369115     0.169042      2.30016     -1.11349     0.627943  0.000241162 -0.000480199  0.000203501   0.00111723 -0.000972322  -0.00166192    -0.358663     -37.0774     -17.4737      10.9594     0.896528      1.27552   -0.0929996 -1.38778e-15     -37.0989     -17.3196       10.906      1.07719      1.32912    0.0172915
    0.806358      1.05805    -0.911206     -1.73644      0.11897      2.59198      1.05555 -0.000689721 -0.000385341  6.92973e-05  0.000497652 -7.65309e-05  7.19639e-05  0.000843886     0.676966   0.00369167     0.169042      2.30016      -1.1135     0.627947  0.000199076  -0.00021654  0.000290178  0.000516894  -0.00111544 -0.000867193    -0.386434     -37.0774     -17.4499      10.9833      0.90843      1.26271   -0.0929996  4.30211e-15     -37.0989     -17.3196      10.9059      1.07719      1.32912    0.0172913
    0.806359      1.05805    -0.911206     -1.73644     0.118969      2.59198      1.05554  0.000247779  0.000326166 -0.000149635 -0.000529266 -0.000334113    0.0026512   0.00123633     0.676965   0.00369174     0.169041      2.30016     -1.11349     0.627943  4.84293e-05   8.6181e-05 -3.26802e-05 -0.000183136  -0.00214497  0.000753998    -0.410238     -37.1012     -17.4499      11.0071     0.913923      1.26912   -0.0994083  5.32907e-15     -37.0989     -17.3196      10.9059      1.07719      1.32912    0.0172917
    0.806358      1.05805    -0.911208     -1.73644      0.11897      2.59198      1.05554  0.000118528  0.000675129 -0.000294367  0.000284009   7.6461e-05  0.000160267 -5.88013e-05     0.676966   0.00369064     0.169042      2.30016     -1.11349     0.627946  5.59477e-05 -1.96621e-05 -0.000104106 -0.000561208 -3.71789e-05  0.000270338    -0.386434     -37.1012     -17.4261      10.9833     0.902021      1.26271   -0.0801822  2.28983e-15     -37.0989     -17.3197      10.9059       1.0772      1.32912    0.0172916
    0.806358      1.05805    -0.911206     -1.73644     0.118971      2.59198      1.05554 -0.000134957 -0.000815448  0.000254192  4.44637e-05  8.79515e-05 -9.61351e-05    0.0008692     0.676966    0.0036912     0.169042      2.30016     -1.11349     0.627945  7.17383e-05  0.000121354  0.000282194  0.000959982 -0.000935208 -0.000760165    -0.386434     -37.0496     -17.4499      11.0071     0.896528      1.26271   -0.0994083 -3.33067e-16     -37.0989     -17.3196      10.9059      1.07719      1.32912    0.0172914
    0.806359      1.05805    -0.911206     -1.73644      0.11897      2.59198      1.05554  0.000116266 -0.000522437  0.000423806   0.00153945   0.00022041 -6.35351e-06 -0.000188315     0.676967   0.00369326     0.169043      2.30016     -1.11349     0.627947   0.00049004  0.000840646  0.000481413   0.00101262  -0.00115248   0.00139057    -0.410238     -37.0774     -17.4499      10.9317     0.902021      1.26271   -0.0737735   -1.249e-16     -37.0989     -17.3196       10.906       1.0772      1.32912    0.0172915
    0.806358      1.05805    -0.911206     -1.73644      0.11897      2.59198      1.05554 -0.000381017  0.000943322  5.12539e-05 -0.000355356  3.68787e-06   0.00640563  0.000717156     0.676965   0.00369009     0.169041      2.30016     -1.11349     0.627942  0.000346477  5.26012e-06 -6.96188e-05 -2.06507e-05  -0.00441555   0.00292672    -0.386434     -37.1012     -17.4499      11.0071     0.902021       1.2563   -0.0929996  1.02696e-15     -37.0988     -17.3196      10.9059      1.07719      1.32912    0.0172917
    0.806359      1.05805    -0.911206     -1.73644     0.118973      2.59198      1.05554 -0.000260218   0.00117996 -0.000265659  0.000265893 -0.000148542  0.000363383 -0.000603156     0.676966   0.00369228     0.169041      2.30016     -1.11349     0.627943  9.05993e-06 -0.000311261 -0.000346153  -0.00114431  0.000619224   0.00057626    -0.410238      -37.125     -17.4499      10.9833     0.902021      1.26271   -0.0545474  5.06539e-15     -37.0989     -17.3197      10.9059      1.07719      1.32912    0.0172917
    0.806359      1.05805     -0.91121     -1.73644      0.11897      2.59197      1.05554 -0.000161205 -0.000819423 -0.000676003 -3.19242e-05 -0.000194381  -0.00212677  0.000540086     0.676966    0.0036908     0.169044      2.30016     -1.11349     0.627947 -3.40389e-05 -0.000468541  0.000498243 -3.71849e-05  0.000410361  -0.00216473    -0.410238     -37.0496     -17.3983      11.0071      0.90843      1.27552   -0.0865909  9.85323e-16     -37.0988     -17.3197       10.906       1.0772      1.32912    0.0172915
    0.806361      1.05805    -0.911205     -1.73644     0.118971      2.59198      1.05554  0.000314324 -0.000419902  0.000520968 -0.000295466 -6.04758e-05  9.90695e-05   -0.0009984     0.676965   0.00369327     0.169041      2.30016     -1.11349     0.627942 -9.08341e-05  0.000395187 -9.51026e-05   0.00035035  0.000809942   0.00123111    -0.434042     -37.0774     -17.4737      11.0071      0.90843       1.2563   -0.0609561  1.17961e-15     -37.0988     -17.3196      10.9059      1.07719      1.32912    0.0172916
    0.806359      1.05805    -0.911206     -1.73644     0.118968      2.59198      1.05554 -3.10891e-05  0.000100462 -0.000178757 -0.000664512 -0.000799219  0.000290193  0.000694389     0.676965   0.00369206     0.169041      2.30016     -1.11349     0.627945 -0.000173561 -0.000301782 -0.000137164 -0.000677087  0.000117911 -0.000437965    -0.410238     -37.0774     -17.4499      11.0071     0.920332       1.2563   -0.0929996  4.39926e-15     -37.0989     -17.3196      10.9059       1.0772      1.32912    0.0172917
    0.806359      1.05805    -0.911208     -1.73644      0.11897      2.59198      1.05554 -0.000142352   0.00011322 -0.000552189 -0.000303834  -0.00028578  0.000390997 -0.000492595     0.676966    0.0036916     0.169043      2.30016     -1.11349     0.627947 -1.41428e-05 -0.000417541  0.000125644 -0.000715279  7.13959e-05  0.000177504    -0.410238     -37.0774     -17.4261      11.0071      0.90843      1.24989   -0.0737735  4.96825e-15     -37.0989     -17.3196      10.9059       1.0772      1.32912    0.0172915
    0.806358      1.05805    -0.911206     -1.73644      0.11897      2.59197      1.05554 -0.000436139  0.000213527   0.00051444  0.000694346 -0.000169071  9.44868e-05    0.0010645     0.676966   0.00369193     0.169042      2.30016     -1.11349     0.627946   0.00014611  0.000145717 -0.000127249  0.000368049 -0.000672833 -0.000358227    -0.386434     -37.1012     -17.4499      10.9594      0.90843      1.26271    -0.112226 -1.67921e-15     -37.0989     -17.3196      10.9059      1.07719      1.32912    0.0172915
    0.806358      1.05805     -0.91121     -1.73644     0.118971      2.59197      1.05554 -0.000140168 -7.33421e-05 -0.000900527 -0.000153308  0.000221763 -0.000456354  0.000512545     0.676965   0.00368888     0.169042      2.30016     -1.11349     0.627944  1.58953e-05 -0.000563183  0.000342567 -0.000313997 -0.000570425  -0.00150549    -0.386434     -37.0774     -17.3983      10.9833     0.896528      1.27552   -0.0929996 -4.02456e-16     -37.0988     -17.3197      10.9059       1.0772      1.32912    0.0172917
    0.806358      1.05805    -0.911206     -1.73644     0.118975      2.59198      1.05554   0.00017537  0.000833182 -0.000237647 -0.000892503  0.000354124  8.26619e-05  0.000152777     0.676965   0.00369025      0.16904      2.30016      -1.1135      0.62794  -0.00033823 -0.000383537 -0.000520454 -0.000628002  0.000746079 -0.000835364    -0.386434     -37.1012     -17.4261      11.0348     0.891035      1.26271   -0.0865909  5.68989e-16     -37.0988     -17.3196      10.9059      1.07719      1.32912    0.0172916
    0.806359      1.05805    -0.911206     -1.73644     0.118971      2.59198      1.05554   0.00162373 -0.000497271  2.15086e-05 -0.000952611  0.000324144 -0.000344505  0.000308106     0.676964   0.00369105     0.169041      2.30016     -1.11349      0.62794 -0.000276251  0.000814635 -5.25622e-05  0.000449549  0.000275018  0.000325954    -0.410238     -37.0496     -17.4499      11.0348     0.896528      1.26912   -0.0865909  4.44089e-16     -37.0988     -17.3196      10.9059      1.07719      1.32912    0.0172917
    0.806358      1.05805    -0.911205     -1.73644     0.118973      2.59198      1.05554 -0.000648605  -0.00095827  0.000550905  0.000762446  0.000378688   0.00376539 -0.000369079     0.676966   0.00369208     0.169041      2.30016     -1.11349     0.627942  0.000623132  0.000442408  0.000716228   0.00166898  -0.00367352   0.00259704    -0.386434     -37.0496     -17.4737      10.9594     0.891035      1.26912   -0.0737735  2.16493e-15     -37.0989     -17.3196      10.9059      1.07719      1.32912    0.0172915
    0.806359      1.05805    -0.911208     -1.73644     0.118971      2.59198      1.05554 -0.000132155  0.000129108 -0.000198781 -0.000468511 -0.000227364  0.000317848   0.00104788     0.676965   0.00369063     0.169041      2.30016     -1.11349     0.627944 -0.000110352 -0.000322213 -8.05623e-05 -0.000226098 -0.000497131  -0.00101451    -0.410238     -37.1012     -17.4261      11.0071      0.90843       1.2563    -0.112226  3.46945e-15     -37.0988     -17.3197      10.9059       1.0772      1.32912    0.0172916
    0.806361      1.05805    -0.911205     -1.73644     0.118971      2.59198      1.05554  0.000173624 -0.000235162  0.000532629  0.000104381  0.000174032 -0.000233662  -0.00110914     0.676966   0.00369456     0.169042      2.30017     -1.11348     0.627943 -1.79871e-05   0.00039045 -0.000102629  0.000401042  0.000886142   0.00110195    -0.434042     -37.0774     -17.4737      10.9833     0.896528      1.26912   -0.0481387  4.10783e-15     -37.0989     -17.3196      10.9059      1.07719      1.32912    0.0172916
    0.806361      1.05805    -0.911207     -1.73644      0.11897      2.59198      1.05554  0.000185966  0.000552734 -0.000445339 -2.09625e-05  0.000186118 -0.000316773  0.000737739     0.676966     0.003693     0.169041      2.30016     -1.11349     0.627945 -5.09058e-05 -0.000164676 -9.94984e-05 -0.000438576 -0.000174297 -0.000926894    -0.434042     -37.1012     -17.4261      10.9833     0.902021      1.26912   -0.0929996  3.46945e-15     -37.0989     -17.3197      10.9059      1.07719      1.32912    0.0172917
    0.806359      1.05805    -0.911205     -1.73644      0.11897      2.59197      1.05554 -0.000322796   0.00027478  0.000607713 -0.000420596  9.80275e-05  0.000163723  3.52958e-05     0.676965   0.00369263     0.169041      2.30016     -1.11349     0.627939 -0.000209105 -0.000120855 -0.000485823  0.000181262  0.000679242 -0.000296641    -0.410238     -37.0774     -17.4737      11.0071     0.902021      1.26271   -0.0673648  5.39846e-15     -37.0989     -17.3196      10.9059      1.07719      1.32912    0.0172917
    0.806359      1.05805    -0.911206     -1.73644     0.118975      2.59198      1.05554  0.000317491 -0.000435355 -0.000110623  0.000835902  0.000298458  4.99315e-05 -0.000610012     0.676965   0.00369198     0.169042      2.30016     -1.11349     0.627943  0.000323141  0.000501065  0.000483473  0.000484497 -0.000749997   0.00115662    -0.410238     -37.0496     -17.4499      10.9833     0.896528      1.26271   -0.0737735  8.32667e-16     -37.0989     -17.3196      10.9059      1.07719      1.32913    0.0172914
    0.806359      1.05805    -0.911205     -1.73644      0.11897      2.59198      1.05554  0.000117488 -0.000737778 -0.000140685  7.30823e-05 -8.40322e-05  1.28889e-05 -0.000516071     0.676966   0.00369332     0.169042      2.30017     -1.11348     0.627944  0.000121644  0.000133136  0.000426788  0.000310365  -0.00030656   0.00055341    -0.410238     -37.0496     -17.4261      10.9833      0.90843      1.26271   -0.0609561  4.53804e-15     -37.0989     -17.3196      10.9059      1.07719      1.32912    0.0172917
    0.806361      1.05805    -0.911204     -1.73644      0.11897      2.59198      1.05554   0.00063209 -0.000493466  0.000287494  -0.00022727 -0.000208656 -0.000290786  0.000805123     0.676965   0.00369447     0.169042      2.30017     -1.11349     0.627945 -7.28562e-05  0.000514852  2.49885e-05  0.000473452 -0.000184237 -5.85524e-05    -0.434042     -37.0496     -17.4499      11.0071      0.90843      1.26912    -0.105817 -1.11022e-15     -37.0989     -17.3196       10.906      1.07719      1.32912    0.0172914
    0.806359      1.05805    -0.911203     -1.73644     0.118974      2.59198      1.05554   4.4597e-05 -0.000146174  0.000612562   0.00013377  0.000207281  0.000199383 -0.000880943     0.676965   0.00369359     0.169041      2.30017     -1.11349     0.627942   1.1497e-05  0.000368467 -0.000136891  0.000491985  0.000490744   0.00111311    -0.410238     -37.0774     -17.4499      10.9833     0.896528      1.26271   -0.0545474  9.02056e-16     -37.0989     -17.3196      10.9059      1.07719      1.32913    0.0172914
    0.806358      1.05805    -0.911208     -1.73644      0.11897      2.59198      1.05554 -0.000245563  0.000442031 -0.000219126   -0.0012304  1.51934e-05 -9.31827e-06 -0.000254837     0.676964   0.00368868      0.16904      2.30016     -1.11349     0.627939 -0.000407391 -0.000730434 -0.000445724 -0.000702812   0.00119182  -0.00102028    -0.386434     -37.1012     -17.4261      11.0348      0.90843      1.26271   -0.0673648  2.84495e-15     -37.0988     -17.3197      10.9058      1.07719      1.32912    0.0172919
    0.806358      1.05805    -0.911206     -1.73644     0.118971      2.59198      1.05554 -0.000196341   0.00014085 -0.000267076   0.00035882  0.000297168 -0.000126842 -0.000501326     0.676966   0.00369162     0.169041      2.30016     -1.11349     0.627943   0.00011294 -0.000156945   0.00013679 -0.000104979 -4.46952e-05  4.24634e-05    -0.386434     -37.1012     -17.4261      10.9833     0.896528      1.26271   -0.0609561  3.31679e-15     -37.0989     -17.3196      10.9059      1.07719      1.32912    0.0172917
    0.806358      1.05805    -0.911206     -1.73644      0.11897      2.59198      1.05554  6.60945e-06 -0.000467692  0.000291299  -0.00103053  0.000186241  0.000250137  0.000100405     0.676965   0.00369025      0.16904      2.30016     -1.11349     0.627941 -0.000273596 -0.000147759 -0.000157679  0.000498655  0.000251539 -0.000590919    -0.386434     -37.0774     -17.4499      11.0348     0.902021       1.2563   -0.0801822 -2.92821e-15     -37.0988     -17.3196      10.9059      1.07719      1.32912    0.0172918
    0.806359      1.05805    -0.911203     -1.73644      0.11897      2.59198      1.05554   0.00019743  0.000225726   0.00151448  0.000298805 -0.000343574  4.89805e-05 -0.000374092     0.676965   0.00369422      0.16904      2.30017     -1.11348     0.627941 -8.91394e-05  0.000869478 -0.000668182  0.000508276   0.00123873   0.00167267    -0.410238     -37.1012     -17.5014      10.9833      0.90843      1.26271   -0.0673648  1.41553e-15     -37.0989     -17.3196      10.9059      1.07719      1.32912    0.0172917
    0.806358      1.05805    -0.911205     -1.73644     0.118971      2.59198      1.05554 -0.000634351  -0.00113182  0.000415143 -0.000187806  2.42792e-05  9.23046e-06  0.000545445     0.676965   0.00369112      0.16904      2.30016     -1.11349      0.62794  3.00255e-05 -0.000179824   0.00030817   0.00115202 -0.000743459 -0.000986746    -0.386434     -37.0496     -17.4737      11.0071     0.896528      1.26271   -0.0929996  2.42861e-15     -37.0989     -17.3196      10.9059      1.07719      1.32912    0.0172916
    0.806359      1.05805    -0.911206     -1.73644      0.11897      2.59197      1.05554 -0.000126957 -0.000299292  0.000245176 -9.45737e-05 -7.44838e-06 -0.000712676 -0.000636112     0.676965     0.003692     0.169041      2.30016     -1.11348     0.627941 -8.36604e-05 -2.94021e-05 -4.29623e-05  0.000163471  0.000954582 -3.37827e-05    -0.410238     -37.0774     -17.4499      11.0071      0.90843      1.27552   -0.0545474 -1.41553e-15     -37.0989     -17.3196      10.9059      1.07719      1.32912    0.0172918
    0.806361      1.05805    -0.911208     -1.73644     0.118971      2.59198      1.05554  9.49144e-05  0.000630086 -0.000640086  0.000349511  9.72376e-05   0.00018178  0.000548209     0.676965   0.00369207      0.16904      2.30016     -1.11349     0.627944  0.000119611 -0.000155859  8.30076e-05 -0.000598359 -0.000731132 -0.000341707    -0.434042     -37.1012     -17.4261      10.9833     0.902021       1.2563   -0.0865909  4.30211e-16     -37.0989     -17.3197      10.9059       1.0772      1.32912    0.0172918
    0.806361      1.05805    -0.911204     -1.73644     0.118973      2.59198      1.05554  0.000310477  0.000471231  0.000139963  0.000218483 -9.67779e-05  -8.8979e-05  1.81893e-05     0.676965   0.00369473      0.16904      2.30017     -1.11349     0.627942 -9.81783e-06  0.000283551 -0.000230795 -0.000286762  0.000358885  0.000517795    -0.434042     -37.0774     -17.4499      10.9833      0.90843      1.26912   -0.0801822  3.05311e-16     -37.0989     -17.3196      10.9059      1.07719      1.32912    0.0172916
    0.806361      1.05805    -0.911207     -1.73644      0.11897      2.59198      1.05554  0.000504147 -0.000559371 -0.000648672  -0.00155336  8.57656e-05 -0.000254965 -6.51292e-05     0.676965   0.00369199     0.169042      2.30016     -1.11349     0.627942  -0.00037291 -0.000418041  0.000103536 -0.000234559  0.000496982  -0.00104832    -0.434042     -37.0496     -17.4261      11.0586     0.902021      1.26912   -0.0673648  3.95517e-15     -37.0988     -17.3196      10.9059      1.07719      1.32912    0.0172917
    0.806361      1.05805    -0.911208     -1.73644      0.11897      2.59198      1.05554  0.000141682   0.00120697 -0.000464071   4.8575e-05  9.99411e-05  0.000293956  0.000196314     0.676966   0.00369294     0.169042      2.30016     -1.11349     0.627948 -4.75772e-05 -0.000210239 -0.000335377  -0.00101413  0.000120302 -7.64567e-05    -0.434042     -37.1012     -17.4261      10.9833     0.902021       1.2563   -0.0865909 -8.88178e-16     -37.0989     -17.3197      10.9059       1.0772      1.32912    0.0172916
    0.806358      1.05805    -0.911204     -1.73644     0.118973      2.59198      1.05554 -0.000310688  0.000591774   0.00014873    0.0003056  0.000175365   0.00100191  -0.00102628     0.676965   0.00369219      0.16904      2.30016     -1.11349     0.627939  0.000101876 -4.13752e-05 -0.000180897 -0.000268825  7.71754e-05   0.00129037    -0.386434     -37.1012     -17.4499      10.9833     0.902021      1.26912   -0.0481387   5.1209e-15     -37.0989     -17.3196      10.9059      1.07719      1.32912    0.0172917
    0.806359      1.05805    -0.911208     -1.73644      0.11897      2.59198      1.05554  0.000204432   3.9315e-05  -0.00108758 -0.000526901 -3.13307e-05 -2.17444e-05   0.00079197     0.676965    0.0036913     0.169042      2.30016     -1.11349     0.627945 -5.59396e-05 -0.000514514  0.000298874 -0.000653086 -0.000743544  -0.00129346    -0.410238     -37.1012     -17.3983      11.0071     0.902021      1.26271   -0.0994083  1.83187e-15     -37.0989     -17.3197      10.9059       1.0772      1.32912    0.0172916
    0.806359      1.05805    -0.911202     -1.73644     0.118971      2.59198      1.05554  0.000402278 -6.83999e-05  0.000851761  0.000391237  0.000269298 -0.000121368  0.000416375     0.676965   0.00369406     0.169038      2.30016     -1.11349     0.627939  2.75277e-05  0.000767056 -0.000229727  0.000877206 -6.60415e-05  0.000529663    -0.410238     -37.1012     -17.4737      10.9833     0.896528      1.26912   -0.0929996   3.3723e-15     -37.0989     -17.3196      10.9059      1.07719      1.32912    0.0172918
    0.806358      1.05805    -0.911208     -1.73644     0.118971      2.59198      1.05554 -0.000148679 -0.000661111 -0.000330449  0.000599486   0.00035787  1.91534e-05  0.000679454     0.676965   0.00369008     0.169042      2.30016      -1.1135     0.627945  0.000297843  3.42776e-05  0.000617968  0.000748036  -0.00167412 -0.000623718    -0.386434     -37.0774     -17.4261      10.9833     0.891035      1.26271   -0.0994083  5.56499e-15     -37.0988     -17.3197      10.9059       1.0772      1.32912    0.0172915
    0.806356      1.05805    -0.911204     -1.73644     0.118971      2.59198      1.05554 -0.000611159 -0.000340362  2.12006e-05 -0.000330316  0.000391814  0.000130591  0.000593368     0.676964    0.0036898      0.16904      2.30016     -1.11349     0.627938 -5.12298e-05 -0.000472243  7.76897e-05   0.00058338 -0.000623344  -0.00143768    -0.358663     -37.0774     -17.4499      11.0348     0.902021      1.26271   -0.0865909  3.05311e-15     -37.0989     -17.3196      10.9059      1.07719      1.32912    0.0172917
    0.806354      1.05805    -0.911205     -1.73644     0.118971      2.59198      1.05554  -0.00134164 -0.000734966  0.000359949 -8.93976e-05  0.000325885 -0.000123258  0.000134908     0.676965   0.00368841      0.16904      2.30016     -1.11349     0.627939  1.25761e-05 -0.000710279  0.000164422  0.000963931 -0.000347884  -0.00160645    -0.334859     -37.1012     -17.4499      10.9833     0.896528      1.26271   -0.0801822  5.21805e-15     -37.0989     -17.3196      10.9059      1.07719      1.32912    0.0172918
    0.806358      1.05805    -0.911204     -1.73644      0.11897      2.59198      1.05554 -0.000344676 -0.000328592  6.97758e-06 -0.000255133  7.68895e-05 -8.48053e-06  0.000232777     0.676965    0.0036916      0.16904      2.30016     -1.11349     0.627939 -4.16571e-05 -0.000279566  8.37986e-05  0.000290473 -0.000213296 -0.000747382    -0.386434     -37.0774     -17.4499      11.0071     0.902021      1.26271   -0.0801822  2.91434e-16     -37.0989     -17.3196      10.9059      1.07719      1.32912    0.0172917
    0.806361      1.05805    -0.911206     -1.73644     0.118972      2.59197      1.05554  0.000579067 -0.000260073 -0.000407665  0.000760764 -0.000185992  0.000760631  -0.00057404     0.676965   0.00369351     0.169042      2.30016     -1.11349     0.627942  0.000372366  0.000563539  0.000555211 -8.96331e-05  -0.00112135   0.00194006    -0.434042     -37.0496     -17.4261      10.9594     0.902021      1.27552   -0.0673648  2.08167e-15     -37.0989     -17.3196      10.9059      1.07719      1.32912    0.0172916
    0.806359      1.05805    -0.911205     -1.73644     0.118972      2.59198      1.05554 -0.000211357  0.000242462  7.66903e-06  0.000155203  0.000560583  3.33057e-05 -0.000324902     0.676966    0.0036932     0.169042      2.30017     -1.11349     0.627945   2.4318e-05 -0.000121691 -6.65172e-05  0.000174395 -2.62378e-06 -0.000171203    -0.410238     -37.0774     -17.4499      10.9833     0.891035      1.26271   -0.0673648  4.95437e-15     -37.0989     -17.3196      10.9059      1.07719      1.32913    0.0172915
    0.806361      1.05805    -0.911202     -1.73644     0.118969      2.59197      1.05554  0.000224287 -0.000841367   0.00104021 -0.000253182 -0.000391965 -0.000478194  -0.00111138     0.676965   0.00369536      0.16904      2.30017     -1.11348     0.627939 -0.000135769  0.000584442 -0.000153453  0.000682561   0.00146915   0.00134529    -0.434042     -37.0496     -17.4737      11.0071     0.913923      1.27552   -0.0545474  1.04083e-15     -37.0989     -17.3195       10.906      1.07719      1.32912    0.0172918
    0.806363      1.05805    -0.911204     -1.73644     0.118971      2.59198      1.05554  0.000744509  0.000764035  0.000779833  6.15227e-05  0.000157807 -1.15385e-05  0.000500703     0.676965   0.00369513      0.16904      2.30016     -1.11348     0.627943  -0.00015303  0.000767347 -0.000672799  0.000126179  0.000608742  0.000682635    -0.461813      -37.125     -17.4737      11.0071     0.902021      1.26271   -0.0865909  1.65146e-15     -37.0989     -17.3196      10.9059      1.07719      1.32912    0.0172917
    0.806359      1.05805    -0.911202     -1.73644     0.118968      2.59197      1.05554 -0.000448567  0.000402421  0.000669064  0.000514427 -0.000481548 -0.000375301 -0.000329864     0.676964   0.00369342     0.169039      2.30016     -1.11348     0.627933  1.07518e-05   9.0569e-05 -0.000369839 -0.000212581   0.00103455  0.000540195    -0.410238     -37.1012     -17.4737      10.9833     0.920332      1.26912   -0.0673648  3.89966e-15     -37.0989     -17.3196      10.9059      1.07719      1.32912     0.017292
    0.806358      1.05805    -0.911202     -1.73644     0.118969      2.59198      1.05554 -0.000547646  0.000296648  0.000750652  0.000741436 -0.000336689   0.00019922  1.58292e-05     0.676966    0.0036942     0.169041      2.30017     -1.11348     0.627947  0.000135855  0.000188335 -0.000247847  0.000162821  0.000137626  0.000650462    -0.386434     -37.0774     -17.4737      10.9594     0.913923       1.2563   -0.0673648    2.498e-15      -37.099     -17.3196       10.906       1.0772      1.32913    0.0172914
    0.806361      1.05805    -0.911205     -1.73644      0.11897      2.59198      1.05554  0.000712098  0.000270184 -0.000619609 -0.000160837 -5.80235e-05  0.000236448 -0.000640762     0.676965   0.00369365      0.16904      2.30016     -1.11348     0.627942  2.85734e-06  0.000146913  0.000109468 -0.000732832  0.000148877   0.00097407    -0.434042     -37.0774     -17.4261      11.0071     0.902021       1.2563   -0.0673648  2.33147e-15     -37.0989     -17.3196      10.9059      1.07719      1.32912    0.0172918
    0.806361      1.05805    -0.911203     -1.73644      0.11897      2.59198      1.05554  0.000846676  0.000452995 -0.000169022  -0.00121864 -0.000382092  -0.00495716   0.00057373     0.676964   0.00369359     0.169038      2.30016     -1.11348     0.627939 -0.000853168 -0.000326351  -0.00085366  -0.00122156   0.00467359  -0.00343937    -0.434042     -37.1012     -17.4499      11.0348     0.913923       1.2563   -0.0929996  1.42941e-15     -37.0989     -17.3196      10.9059      1.07719      1.32912    0.0172918
    0.806358      1.05805    -0.911206     -1.73644     0.118971      2.59198      1.05554 -0.000164783  0.000499433 -0.000511652  0.000323252  0.000334172 -9.05682e-05 -0.000791907     0.676965   0.00369093      0.16904      2.30016     -1.11348      0.62794  9.00752e-05  -0.00029333  6.51165e-05 -0.000543077  0.000209985  0.000152771    -0.386434     -37.1012     -17.4261      11.0071     0.896528      1.26271   -0.0545474    1.249e-16     -37.0989     -17.3196      10.9059      1.07719      1.32912    0.0172919
    0.806359      1.05805    -0.911205     -1.73644      0.11897      2.59198      1.05554  0.000394037 -0.000432619   -0.0003252 -0.000388573 -0.000226582  -0.00117468   0.00053867     0.676965   0.00369278     0.169041      2.30016     -1.11349     0.627946 -0.000142762 -3.71908e-05  0.000144521 -0.000105888  0.000435038  -0.00105607    -0.410238     -37.0774     -17.4261      11.0071      0.90843       1.2563   -0.0801822   9.4369e-16     -37.0989     -17.3196      10.9059       1.0772      1.32912    0.0172915
    0.806358      1.05805    -0.911205     -1.73644     0.118971      2.59198      1.05554 -0.000305392  0.000596769  -0.00066134  0.000678166  0.000238813  0.000107073  -0.00124187     0.676966   0.00369245     0.169041      2.30016     -1.11348     0.627944  0.000222308 -0.000328404   0.00019177 -0.000771223  9.99811e-05  0.000711626    -0.386434     -37.1012     -17.4261      10.9594     0.896528      1.26271   -0.0545474 -1.05471e-15     -37.0989     -17.3196      10.9059      1.07719      1.32912    0.0172917
    0.806356      1.05805    -0.911206     -1.73644      0.11897      2.59197      1.05554  -0.00120124 -8.93273e-05  0.000584811  0.000213206 -6.49468e-05 -0.000602629  -0.00012235     0.676966    0.0036906     0.169042      2.30016     -1.11349     0.627942 -3.43734e-05 -0.000521955 -0.000195528  0.000335988  0.000720824  -0.00101807    -0.358663     -37.0774     -17.4499      10.9833      0.90843      1.27552   -0.0673648 -4.30211e-16     -37.0989     -17.3196      10.9059      1.07719      1.32912    0.0172916
    0.806356      1.05805    -0.911207     -1.73644     0.118971      2.59198      1.05554  -0.00132378 -0.000602266 -0.000201403 -0.000363805  0.000241192   0.00055951 -0.000332408     0.676966   0.00368933     0.169041      2.30016     -1.11349     0.627944  3.18647e-05 -0.000997062  0.000317506  0.000398589 -0.000614884  -0.00120872    -0.358663     -37.0774     -17.4261      11.0071     0.896528      1.24989   -0.0673648  4.63518e-15     -37.0989     -17.3197      10.9059       1.0772      1.32912    0.0172916
    0.806358      1.05805    -0.911207     -1.73644     0.118971      2.59198      1.05554 -0.000310816   1.7477e-05 -0.000343554  0.000107205  0.000292217   0.00703821  0.000353367     0.676966   0.00369128     0.169043      2.30016     -1.11349     0.627947  0.000692196   0.00019127  0.000709913  0.000670814  -0.00601472   0.00362795    -0.386434     -37.0774     -17.4261      10.9833     0.896528      1.26271   -0.0865909  2.73392e-15     -37.0989     -17.3196      10.9059       1.0772      1.32912    0.0172914
    0.806359      1.05805    -0.911206     -1.73644     0.118971      2.59198      1.05554 -0.000185902  0.000449334 -0.000283246 -0.000475442  0.000172761  0.000592809 -0.000266914     0.676965    0.0036923     0.169041      2.30016     -1.11349     0.627943 -0.000114753 -0.000420806 -0.000171551 -0.000459998  0.000103595 -0.000175256    -0.410238     -37.1012     -17.4261      11.0071     0.896528       1.2563   -0.0673648  1.38778e-17     -37.0989     -17.3196      10.9059      1.07719      1.32912    0.0172917
    0.806363      1.05805    -0.911202     -1.73644     0.118971      2.59198      1.05554   0.00101316  0.000344832   0.00102013  -0.00100505 -0.000211844   0.00026368  0.000715069     0.676964   0.00369581     0.169039      2.30017     -1.11349      0.62794 -0.000437591  0.000767062 -0.000846232  0.000204421   0.00103631  0.000570325    -0.461813     -37.0774     -17.4737      11.0348      0.90843       1.2563   -0.0929996  -1.7486e-15     -37.0989     -17.3196      10.9059      1.07719      1.32912    0.0172916
    0.806361      1.05805    -0.911205     -1.73644     0.118968      2.59198      1.05554  0.000234424  0.000258417 -0.000846877  0.000559732  -0.00053116   0.00016883  -0.00106745     0.676965   0.00369408      0.16904      2.30017     -1.11348     0.627943  0.000245761 -2.71275e-05  0.000393407  -0.00113666  8.18581e-06   0.00145238    -0.434042     -37.0774     -17.4261      10.9833     0.920332       1.2563   -0.0481387  3.45557e-15     -37.0989     -17.3196      10.9059      1.07719      1.32912    0.0172919
    0.806361      1.05805    -0.911202     -1.73644     0.118969      2.59198      1.05554 -0.000150463  -0.00155203  8.91203e-05  0.000165324 -0.000300703 -0.000168853  0.000751871     0.676966   0.00369616     0.169041      2.30017     -1.11348     0.627943  0.000202977  0.000168129  0.000721268   0.00112543  -0.00133915 -0.000493713    -0.434042     -37.0258     -17.4737      10.9833     0.913923      1.26912   -0.0865909  8.04912e-16     -37.0989     -17.3195       10.906      1.07719      1.32913    0.0172915
    0.806358      1.05805    -0.911205     -1.73644      0.11897      2.59198      1.05554 -0.000866102 -6.43598e-05  -0.00097301  0.000264625  0.000162398   2.2459e-05 -0.000275969     0.676964   0.00369072     0.169039      2.30016     -1.11349     0.627938  0.000196659 -0.000909198  0.000517065 -0.000434646  -0.00075975  -0.00103416    -0.386434     -37.1012     -17.4261      10.9833     0.902021      1.26271   -0.0673648 -2.30371e-15     -37.0989     -17.3196      10.9059      1.07719      1.32912    0.0172919
    0.806359      1.05805    -0.911203     -1.73644      0.11897      2.59198      1.05554  0.000159608  0.000700795  0.000143384  0.000414595 -1.11895e-05  0.000779686  0.000338199     0.676966    0.0036946     0.169041      2.30017     -1.11349     0.627947  0.000102027  0.000285018 -0.000220132 -0.000224686 -0.000517452  0.000759639    -0.410238     -37.1012     -17.4499      10.9594      0.90843       1.2444   -0.0994083 -2.16493e-15      -37.099     -17.3196      10.9059      1.07719      1.32912    0.0172914
    0.806361      1.05805    -0.911203     -1.73644      0.11897      2.59198      1.05554  0.000175632   0.00101354 -0.000196017 -0.000243139  0.000280576  -0.00078687 -0.000694925     0.676966   0.00369509      0.16904      2.30017     -1.11348     0.627943 -0.000239477 -0.000230071 -0.000516716 -0.000900814   0.00165978 -0.000227117    -0.434042     -37.1012     -17.4499      10.9833     0.902021      1.26271   -0.0609561  3.88578e-16     -37.0989     -17.3196      10.9059      1.07719      1.32912    0.0172917
    0.806361      1.05805    -0.911202     -1.73644      0.11897      2.59198      1.05554  0.000809508 -0.000839368  0.000805392  -0.00101245 -3.82577e-05 -8.41081e-05  0.000408317     0.676964   0.00369402     0.169039      2.30017     -1.11349     0.627937  -0.00031272  0.000646055 -0.000223838   0.00095769   0.00046771  0.000164308    -0.434042     -37.0496     -17.4737      11.0348      0.90843      1.26271   -0.0865909   3.9968e-15     -37.0989     -17.3196      10.9059      1.07719      1.32912    0.0172918
    0.806359      1.05805    -0.911203     -1.73644      0.11897      2.59198      1.05554   0.00018496  -0.00115596  0.000599025 -0.000662735  4.84584e-05  0.000308736  -0.00094022     0.676965    0.0036936     0.169041      2.30017     -1.11348     0.627942 -0.000109792  0.000317915  0.000137685  0.000966532  0.000364906  0.000909892    -0.410238     -37.0496     -17.4499      11.0071      0.90843       1.2563   -0.0545474  1.76248e-15     -37.0989     -17.3196       10.906      1.07719      1.32913    0.0172916
    0.806356      1.05805    -0.911202     -1.73644     0.118971      2.59198      1.05554 -0.000597108  0.000299714   0.00115328  4.80555e-05  0.000498663 -2.77749e-05  0.000550026     0.676965   0.00369196     0.169039      2.30016     -1.11349     0.627939 -0.000139603   6.4261e-05 -0.000612876   0.00091968   0.00036751 -0.000740275    -0.358663     -37.1012     -17.4737      10.9833     0.891035      1.26271   -0.0865909   2.7478e-15      -37.099     -17.3196      10.9059      1.07719      1.32912    0.0172917
    0.806358      1.05805    -0.911205     -1.73644      0.11897      2.59198      1.05554  8.51865e-05  0.000556649 -0.000307403    0.0013873  0.000110907 -0.000172521  0.000406897     0.676966   0.00369229     0.169041      2.30016     -1.11349     0.627944  0.000382501  0.000314591  0.000227771 -0.000211811  -0.00095066  0.000400751    -0.386434     -37.1012     -17.4261      10.9594     0.902021      1.26912   -0.0865909  2.28983e-15     -37.0989     -17.3196      10.9059      1.07719      1.32912    0.0172916
    0.806359      1.05805    -0.911205     -1.73644     0.118971      2.59198      1.05554  0.000484186  0.000152758 -0.000488309   0.00117758  0.000574371 -0.000386331 -0.000534807     0.676966   0.00369364     0.169041      2.30017     -1.11349     0.627944  0.000362853  0.000460941   0.00042775  5.19974e-05 -0.000651503  0.000870269    -0.410238     -37.1012     -17.4261      10.9317     0.896528      1.26912   -0.0673648  2.05391e-15     -37.0989     -17.3196      10.9059      1.07719      1.32912    0.0172916
    0.806356      1.05805    -0.911202     -1.73644      0.11897      2.59197      1.05554  -0.00174244 -0.000793304   0.00091181  0.000131701 -0.000226379  0.000146825  0.000516924     0.676965   0.00369235      0.16904      2.30016     -1.11349      0.62794  5.41164e-05 -0.000633959  3.14241e-05   0.00110201 -0.000401979  -0.00136941    -0.358663     -37.0496     -17.4737      10.9833      0.90843      1.26271   -0.0865909  3.01148e-15     -37.0989     -17.3195       10.906      1.07719      1.32912    0.0172916
    0.806361      1.05805    -0.911203     -1.73644      0.11897      2.59198      1.05554  0.000868911 -0.000638213  0.000475437  0.000288993 -0.000108826 -0.000661439 -0.000734394     0.676965    0.0036948     0.169041      2.30017     -1.11348     0.627944  4.98904e-05  0.000919237  0.000124699  0.000532311  0.000659597   0.00150869    -0.434042     -37.0496     -17.4499      10.9833     0.902021      1.27552   -0.0609561  6.38378e-15     -37.0989     -17.3196       10.906      1.07719      1.32913    0.0172915
    0.806361      1.05805    -0.911203     -1.73644      0.11897      2.59198      1.05554  0.000701347  0.000135479  0.000330221 -0.000347639  0.000127805  -0.00051525  0.000703019     0.676965   0.00369439     0.169039      2.30016     -1.11348     0.627942 -0.000205496  0.000443458 -0.000334862  0.000210896  0.000453134  -0.00032036    -0.434042     -37.0774     -17.4499      11.0071     0.902021       1.2563   -0.0929996  2.45637e-15     -37.0989     -17.3196      10.9059      1.07719      1.32912    0.0172917
    0.806359      1.05805    -0.911205     -1.73644     0.118969      2.59198      1.05554  4.93419e-05 -0.000453268 -0.000298946 -5.77974e-05 -0.000226536  0.000197348  2.09704e-05     0.676965   0.00369265     0.169041      2.30016     -1.11349     0.627942  8.18608e-05 -4.34673e-05  0.000337106  6.40692e-06 -0.000527947  0.000110123    -0.410238     -37.0496     -17.4261      10.9833     0.913923       1.2563   -0.0673648 -1.66533e-16     -37.0989     -17.3196      10.9059      1.07719      1.32912    0.0172917
    0.806359      1.05805    -0.911207     -1.73644     0.118973      2.59198      1.05554  0.000254688  0.000171011 -0.000671234 -0.000250181 -0.000145828 -0.000387999 -0.000601783     0.676965   0.00369087      0.16904      2.30016     -1.11349     0.627941 -6.18514e-05 -0.000248328  0.000105113 -0.000813709  0.000602752  5.56653e-05    -0.410238     -37.1012     -17.3983      11.0071      0.90843      1.26912   -0.0609561  3.71925e-15     -37.0988     -17.3197      10.9059      1.07719      1.32912    0.0172917
    0.806359      1.05805    -0.911205     -1.73644     0.118969      2.59198      1.05554 -0.000266847  0.000673216  0.000427994  0.000852959 -0.000261837  -0.00950108  0.000733175     0.676965   0.00369275      0.16904      2.30016     -1.11349     0.627942 -0.000698596 -0.000484972  -0.00100255 -0.000945216   0.00707469  -0.00592214    -0.410238     -37.1012     -17.4261      10.9594     0.913923      1.26912   -0.0929996   -2.498e-16     -37.0989     -17.3196      10.9059      1.07719      1.32912    0.0172918
    0.806359      1.05805    -0.911202     -1.73644      0.11897      2.59198      1.05554 -5.96213e-05  0.000979893  0.000929416    0.0010086  0.000201172 -0.000709533  0.000142024     0.676965   0.00369415     0.169039      2.30017     -1.11348     0.627939  4.07461e-05  0.000530335 -0.000637136  0.000127688  0.000922579  0.000408023    -0.410238      -37.125     -17.4737      10.9594     0.902021      1.26912   -0.0801822  4.88498e-15     -37.0989     -17.3196      10.9059      1.07719      1.32912    0.0172918
    0.806358      1.05805    -0.911205     -1.73644      0.11897      2.59198      1.05554 -0.000130965   0.00059447 -0.000134154 -0.000456718  0.000163862  2.76901e-05 -0.000152195     0.676965   0.00369152     0.169041      2.30016     -1.11349     0.627942  -0.00019135 -0.000371801 -0.000341567 -0.000505524   0.00065077 -0.000476613    -0.386434     -37.0774     -17.4261      11.0071     0.902021       1.2563   -0.0737735  2.27596e-15     -37.0989     -17.3196      10.9059      1.07719      1.32912    0.0172916
    0.806358      1.05805    -0.911203     -1.73644     0.118971      2.59198      1.05555 -0.000494603  -0.00049066  0.000620526 -0.000871668  0.000372058 -5.00345e-05  0.000847876     0.676965   0.00369232     0.169041      2.30016      -1.1135     0.627943 -0.000280857 -0.000313567 -0.000264509   0.00097708  2.07873e-05  -0.00169788    -0.386434     -37.0496     -17.4499      11.0071     0.896528      1.26271   -0.0929996  6.10623e-16     -37.0989     -17.3196      10.9059      1.07719      1.32913    0.0172914
    0.806358      1.05805    -0.911203     -1.73644      0.11897      2.59198      1.05554  0.000158474  -0.00105693  0.000196421 -0.000385051  0.000262041  -0.00711113 -0.000615649     0.676965   0.00369227     0.169041      2.30017     -1.11349      0.62794 -0.000649658 -0.000342379 -0.000231084   0.00025817   0.00537787  -0.00422604    -0.386434     -37.0496     -17.4499      11.0071     0.902021      1.26271   -0.0609561  5.93969e-15     -37.0989     -17.3196      10.9059      1.07719      1.32913    0.0172916
    0.806359      1.05805    -0.911206     -1.73644      0.11897      2.59198      1.05554 -0.000205407 -0.000983054 -0.000406341  0.000382452 -0.000329429 -0.000512678  0.000207304     0.676966   0.00369315     0.169043      2.30016     -1.11349     0.627946  0.000227217 -0.000101406  0.000694447  0.000304425 -0.000798702 -0.000426503    -0.410238     -37.0496     -17.4261      10.9833      0.90843      1.26271   -0.0865909  4.76008e-15     -37.0989     -17.3196       10.906      1.07719      1.32912    0.0172914
    0.806358      1.05805      -0.9112     -1.73644      0.11897      2.59198      1.05554   -0.0005978  0.000265031   0.00174407 -0.000628851 -8.14697e-05 -0.000207096 -0.000584322     0.676964   0.00369364     0.169038      2.30017     -1.11348     0.627935 -0.000423744  8.86327e-05    -0.001049  0.000571221   0.00227653  0.000190018    -0.386434     -37.1012     -17.5014      11.0071      0.90843      1.26912   -0.0609561  5.68989e-16     -37.0989     -17.3195      10.9059      1.07719      1.32912    0.0172919
    0.806361      1.05805    -0.911205     -1.73644      0.11897      2.59198      1.05554  0.000603476 -0.000808443 -0.000401256  0.000282338 -0.000169684  -0.00822515   0.00224742     0.676966   0.00369425     0.169041      2.30017     -1.11348     0.627944 -0.000509873  -0.00017814 -6.97306e-06 -2.40751e-05   0.00397969  -0.00625509    -0.434042     -37.0496     -17.4261      10.9833      0.90843       1.2563   -0.0609561 -2.30371e-15     -37.0989     -17.3196      10.9059      1.07719      1.32912    0.0172917
    0.806361      1.05805    -0.911205     -1.73643      0.11897      2.59198      1.05554  0.000661451  0.000257196 -0.000373923    0.0013582 -0.000292438 -0.000206271 -3.25503e-06     0.676967   0.00369563     0.169042      2.30017     -1.11348     0.627949  0.000408674  0.000705044  0.000381745 -0.000388836 -0.000727723   0.00146212    -0.434042     -37.1012     -17.4261      10.9317      0.90843       1.2563   -0.0801822  1.66533e-15      -37.099     -17.3196       10.906       1.0772      1.32912    0.0172915
    0.806361      1.05805    -0.911205     -1.73644      0.11897      2.59198      1.05554  0.000555439  0.000746664  -0.00054488 -0.000411258 -7.36255e-06  0.000462916  0.000247158     0.676964   0.00369298      0.16904      2.30016     -1.11349      0.62794 -0.000115742 -5.21143e-05  -0.00019581 -0.000858311 -4.01237e-05   0.00011484    -0.434042     -37.1012     -17.4261      11.0071     0.902021      1.26912   -0.0865909  1.51268e-15     -37.0989     -17.3196      10.9059      1.07719      1.32912    0.0172918
    0.806358      1.05805    -0.911205     -1.73644      0.11897      2.59198      1.05554 -0.000748871  0.000492041 -0.000509928 -0.000106021  0.000296572 -0.000427908 -0.000998682     0.676965   0.00369138     0.169041      2.30016     -1.11349      0.62794 -6.97418e-05 -0.000856807 -7.35218e-05 -0.000703881  0.000910064 -0.000759636    -0.386434     -37.1012     -17.4261      11.0071     0.902021      1.26912   -0.0545474  3.70537e-15     -37.0989     -17.3196      10.9059      1.07719      1.32912    0.0172918
    0.806358      1.05805    -0.911203     -1.73644     0.118971      2.59198      1.05554 -0.000987429   0.00144218  0.000763121  -0.00028453 -4.15911e-05   -7.015e-05  0.000321382     0.676965   0.00369184     0.169038      2.30016     -1.11349     0.627939 -0.000334329 -0.000611125  -0.00108494 -0.000604926   0.00155211   -0.0010746    -0.386434     -37.1488     -17.4499      11.0071      0.90843      1.26271   -0.0865909   3.2474e-15     -37.0989     -17.3196      10.9059      1.07719      1.32912    0.0172918
    0.806359      1.05804    -0.911209     -1.73644      0.11897      2.59198      1.05554  0.000165652  -0.00111888  -0.00138967  -0.00102461 -3.08828e-06   0.00021657  0.000111562     0.676965   0.00369077     0.169044      2.30016     -1.11349     0.627945 -2.53585e-05 -0.000685209  0.000857845 -0.000171531  -0.00116048  -0.00116733    -0.410238     -37.0258     -17.3745      11.0348      0.90843      1.26271   -0.0737735 -1.11022e-16     -37.0988     -17.3196       10.906       1.0772      1.32912    0.0172915
    0.806359      1.05805    -0.911205     -1.73644      0.11897      2.59198      1.05554  0.000288676 -0.000119904 -0.000512357 -4.26814e-05  0.000142375 -6.45664e-05 -0.000578891     0.676966   0.00369319     0.169041      2.30016     -1.11349     0.627944  4.76298e-05 -3.25129e-05  0.000258852 -0.000246877   -3.032e-05  0.000323795    -0.410238     -37.0774     -17.4261      10.9833     0.902021      1.26271   -0.0673648   2.7478e-15     -37.0989     -17.3196      10.9059      1.07719      1.32912    0.0172916
    0.806356      1.05805    -0.911202     -1.73644     0.118971      2.59198      1.05554 -0.000866422   0.00042632   0.00118403  0.000531743  0.000319192  9.52447e-05  0.000125771     0.676965   0.00369173     0.169038      2.30016     -1.11349     0.627938   3.9045e-06  5.56816e-05 -0.000548689  0.000743678   0.00037804 -0.000149036    -0.358663     -37.1012     -17.4737      10.9594     0.896528      1.26271   -0.0737735  3.70537e-15     -37.0989     -17.3196      10.9059      1.07719      1.32912    0.0172918
    0.806359      1.05805    -0.911203     -1.73644     0.118971      2.59198      1.05554 -0.000248301  0.000276662  0.000166532  0.000594945   0.00044635  -0.00012474  -0.00057557     0.676965   0.00369366      0.16904      2.30017     -1.11348      0.62794  0.000125642  5.65917e-05  -4.5606e-05  0.000185823  0.000135893  0.000333396    -0.410238     -37.0774     -17.4499      10.9594     0.896528      1.26912   -0.0609561 -1.41553e-15     -37.0989     -17.3196      10.9059      1.07719      1.32912    0.0172917
    0.806359      1.05805    -0.911205     -1.73644      0.11897      2.59198      1.05554  0.000443744 -9.78913e-05 -0.000276041 -0.000555887  0.000226335   0.00145256 -0.000581823     0.676965   0.00369229      0.16904      2.30016     -1.11348      0.62794 -4.36407e-06  0.000108786  0.000128358 -2.20948e-05 -0.000701744   0.00115869    -0.410238     -37.0774     -17.4261      11.0071     0.902021      1.26271   -0.0609561 -3.05311e-16     -37.0989     -17.3196      10.9059      1.07719      1.32912    0.0172918
    0.806361      1.05805    -0.911205     -1.73644      0.11897      2.59198      1.05554  0.000728017  0.000913946 -0.000151663 -0.000625038 -4.77568e-05  0.000153251  0.000460154     0.676965   0.00369361      0.16904      2.30016     -1.11349     0.627942 -0.000270199   0.00011974 -0.000522738 -0.000793802  0.000596871 -2.70902e-06    -0.434042     -37.1012     -17.4261      11.0071     0.902021      1.26271   -0.0865909  7.63278e-16     -37.0989     -17.3196      10.9059      1.07719      1.32912    0.0172917
    0.806359      1.05805    -0.911202     -1.73644      0.11897      2.59197      1.05554  0.000224283 -0.000171933  0.000841343 -5.27917e-05  0.000166509 -0.000197877 -0.000755481     0.676965   0.00369458      0.16904      2.30017     -1.11348     0.627939 -0.000103171   0.00049986 -0.000302642  0.000577415  0.000992728   0.00095226    -0.410238     -37.0774     -17.4737      10.9833     0.902021      1.27552   -0.0545474  1.79023e-15     -37.0989     -17.3196      10.9059      1.07719      1.32912    0.0172917
    0.806361      1.05805    -0.911202     -1.73644      0.11897      2.59198      1.05554   0.00100773 -0.000123577  0.000832934 -0.000289972    0.0001328  0.000103711 -0.000602139     0.676965   0.00369518     0.169039      2.30017     -1.11348     0.627939 -0.000157331  0.000963352 -0.000362682  0.000528074  0.000876844    0.0016633    -0.434042     -37.0774     -17.4737      11.0071     0.902021      1.26271   -0.0609561   5.7454e-15     -37.0989     -17.3196      10.9059      1.07719      1.32912    0.0172918
    0.806359      1.05805    -0.911205     -1.73644      0.11897      2.59198      1.05554  0.000249389  0.000967448 -0.000645339 -0.000328343  0.000104028  1.35165e-05  0.000613531     0.676965   0.00369255      0.16904      2.30016     -1.11349     0.627942 -0.000143113 -0.000335479 -0.000268221 -0.000961023  6.20056e-05 -0.000817909    -0.410238     -37.1012     -17.4261      11.0071     0.902021      1.26271   -0.0929996 -1.76248e-15     -37.0989     -17.3196      10.9059      1.07719      1.32912    0.0172917
    0.806363      1.05805    -0.911205     -1.73644     0.118971      2.59198      1.05554   0.00135186 -0.000247103 -0.000418581  0.000962864 -0.000139642 -0.000395191 -0.000233412     0.676966   0.00369598     0.169041      2.30017     -1.11348     0.627945   0.00032936   0.00106283  0.000519711 -7.72097e-05 -0.000605651   0.00182157    -0.461813     -37.0774     -17.4261      10.9594      0.90843      1.26912   -0.0737735 -1.85962e-15     -37.0989     -17.3196      10.9059      1.07719      1.32912    0.0172916
    0.806359      1.05805    -0.911205     -1.73644     0.118969      2.59198      1.05554  1.93036e-05  0.000468339 -0.000491538  0.000658207 -0.000338603  0.000109746 -0.000239911     0.676966   0.00369299      0.16904      2.30016     -1.11348     0.627944  0.000210972 -1.83034e-05  0.000168184 -0.000780889 -0.000239359   0.00069082    -0.410238     -37.0774     -17.4261      10.9594     0.913923       1.2563   -0.0737735            0     -37.0989     -17.3196      10.9059      1.07719      1.32912    0.0172917
    0.806358      1.05805    -0.911203     -1.73644      0.11897      2.59198      1.05554 -0.000247364  -0.00118901  0.000236628   -0.0012375  0.000115162 -3.30802e-05    0.0015519     0.676964   0.00369109      0.16904      2.30016      -1.1135     0.627939 -0.000274246 -0.000347832  0.000127295   0.00114526 -0.000782793  -0.00226335    -0.386434     -37.0258     -17.4499      11.0586     0.902021      1.26271    -0.112226  3.31679e-15     -37.0988     -17.3196      10.9059      1.07719      1.32912    0.0172915
    0.806358      1.05805    -0.911205     -1.73644      0.11897      2.59198      1.05554 -0.000354309  -0.00121513 -0.000338108  0.000577342  0.000101903 -0.000102244 -0.000681848     0.676966   0.00369236     0.169042      2.30016     -1.11349     0.627943  0.000344253 -5.53738e-05  0.000863899  0.000707317  -0.00100559  0.000272721    -0.386434     -37.0258     -17.4261      10.9833     0.902021      1.26912   -0.0609561  3.17801e-15     -37.0989     -17.3196       10.906      1.07719      1.32912    0.0172916
    0.806361      1.05805    -0.911202     -1.73644     0.118969      2.59197      1.05554  0.000466197  0.000518479   0.00149485 -2.16575e-05 -0.000390978 -0.000391294 -0.000960766     0.676965   0.00369527      0.16904      2.30017     -1.11348     0.627938 -0.000259426   0.00086801 -0.000918072  5.14776e-05   0.00237355   0.00190902    -0.434042     -37.0774     -17.4737      11.0071     0.913923      1.27552   -0.0545474  1.19349e-15     -37.0989     -17.3196      10.9059      1.07719      1.32912    0.0172918
    0.806361      1.05805    -0.911205     -1.73643      0.11897      2.59198      1.05554  0.000718449  0.000854139    0.0001832   0.00175273  0.000137934   0.00014288  0.000133089     0.676967   0.00369547     0.169042      2.30017     -1.11348     0.627948  0.000435853   0.00106614  2.26435e-06 -7.19659e-05  -0.00077805   0.00192051    -0.434042     -37.1012     -17.4261      10.9317     0.902021      1.26271   -0.0737735 -4.16334e-17      -37.099     -17.3196      10.9059       1.0772      1.32912    0.0172915
    0.806359      1.05805    -0.911203     -1.73644      0.11897      2.59198      1.05554  0.000272208 -0.000145982 -0.000110686  0.000120628  5.21822e-05 -0.000165819  -0.00137086     0.676965   0.00369344     0.169041      2.30017     -1.11348     0.627939   4.9863e-05  0.000181671  0.000135901 -0.000172195  0.000693312   0.00121387    -0.410238     -37.0774     -17.4499      11.0071     0.902021      1.26912     -0.04173  2.72005e-15     -37.0989     -17.3196      10.9059      1.07719      1.32912    0.0172918
    0.806359      1.05805    -0.911205     -1.73644     0.118971      2.59197      1.05554  0.000113011  0.000179989   -0.0002595  0.000895175  0.000264492 -0.000635893  0.000222594     0.676966   0.00369355     0.169041      2.30016     -1.11349     0.627943  0.000227211  0.000195568  0.000219389  3.17867e-05 -0.000432201 -0.000133999    -0.410238     -37.0774     -17.4261      10.9594     0.896528      1.28193   -0.0801822  1.11022e-15     -37.0989     -17.3196      10.9059      1.07719      1.32912    0.0172916
    0.806359      1.05805    -0.911205     -1.73644      0.11897      2.59198      1.05554  0.000496762  -0.00046376 -0.000740975 -6.33318e-05  0.000102255 -4.99782e-05 -0.000587602     0.676965   0.00369202     0.169041      2.30016     -1.11349     0.627939  0.000104715  4.51892e-05  0.000512809 -0.000167315  -0.00038616  0.000445844    -0.410238     -37.0774     -17.4261      11.0071     0.902021      1.26912   -0.0609561 -1.11022e-16     -37.0988     -17.3196      10.9059      1.07719      1.32912    0.0172918
    0.806354      1.05805    -0.911202     -1.73644     0.118973      2.59198      1.05554  -0.00156381  0.000653736  0.000893246  0.000673481 -0.000214203   0.00442796 -0.000744781     0.676966   0.00369148     0.169039      2.30017     -1.11349      0.62794  0.000437849 -0.000192865 -0.000168575   0.00028868  -0.00230166   0.00285845    -0.334859     -37.1012     -17.4737      10.9594      0.90843      1.24989   -0.0545474  3.33067e-16      -37.099     -17.3196      10.9059      1.07719      1.32913    0.0172916
    0.806358      1.05805    -0.911205     -1.73644      0.11897      2.59198      1.05554 -0.000717558 -0.000769592 -0.000263704  0.000507412  -0.00028855  0.000664879  0.000610452     0.676965   0.00369163     0.169042      2.30016     -1.11349     0.627944  0.000332905 -0.000283227  0.000657835  0.000461965  -0.00181721 -0.000366476    -0.386434     -37.0496     -17.4261      10.9833      0.90843      1.24989   -0.0929996  3.13638e-15     -37.0989     -17.3196      10.9059      1.07719      1.32912    0.0172914
    0.806361      1.05805    -0.911203     -1.73644      0.11897      2.59198      1.05554   0.00048516 -0.000349956  0.000213365   0.00049206  -0.00019772  6.28324e-05 -0.000860514     0.676966   0.00369561     0.169041      2.30017     -1.11348     0.627943  0.000172864   0.00063593  0.000208807  0.000181851  0.000112256   0.00174803    -0.434042     -37.0774     -17.4499      10.9594      0.90843      1.26271   -0.0481387   2.7478e-15      -37.099     -17.3196      10.9059      1.07719      1.32912    0.0172917
    0.806358      1.05805    -0.911205     -1.73644     0.118971      2.59198      1.05554 -0.000315967  -0.00105321 -0.000421328 -0.000321415  0.000562242  -0.00035787   0.00069953     0.676966   0.00369197     0.169041      2.30016     -1.11349     0.627944  3.47855e-05 -0.000414338   0.00056799  0.000923535  -0.00116561  -0.00184937    -0.386434     -37.0496     -17.4261      10.9833     0.891035      1.26912   -0.0929996  3.92741e-15     -37.0989     -17.3196      10.9059      1.07719      1.32912    0.0172915
    0.806359      1.05805    -0.911203     -1.73644     0.118969      2.59198      1.05554 -0.000390634  0.000959243  0.000750513  0.000560319 -0.000336642   0.00023722 -0.000586771     0.676965   0.00369382      0.16904      2.30017     -1.11348     0.627942  7.47814e-06  0.000157645 -0.000605631 -0.000454566   0.00106562   0.00116849    -0.410238      -37.125     -17.4499      10.9833     0.913923       1.2563   -0.0609561  4.41314e-15     -37.0989     -17.3196      10.9059      1.07719      1.32912    0.0172918
    0.806358      1.05805    -0.911205     -1.73644      0.11897      2.59198      1.05554 -0.000635553  0.000138688 -0.000539214   9.6696e-05  0.000117552  0.000332205   0.00102505     0.676966   0.00369233     0.169042      2.30016     -1.11349     0.627946  0.000102697  -0.00062351  0.000215883 -0.000112431  -0.00124745  -0.00147864    -0.386434     -37.0774     -17.4261      10.9833     0.902021       1.2563   -0.0994083  1.69309e-15     -37.0989     -17.3196      10.9059      1.07719      1.32912    0.0172914
    0.806359      1.05805    -0.911203     -1.73644      0.11897      2.59198      1.05554  9.10452e-05  7.34387e-05  0.000361819  0.000369094  0.000217774 -0.000520515  -0.00106306     0.676965   0.00369288     0.169039      2.30016     -1.11348     0.627939   2.1713e-05  0.000292197 -0.000126253  0.000134126   0.00097858  0.000873328    -0.410238     -37.0774     -17.4499      10.9833     0.902021       1.2563   -0.0545474  4.02456e-16     -37.0989     -17.3196      10.9059      1.07719      1.32912    0.0172919
    0.806358      1.05805    -0.911205     -1.73644     0.118974      2.59198      1.05554 -0.000408017  0.000218099  0.000130402 -0.000262797  7.67771e-05  0.000258448  0.000122258     0.676965    0.0036907     0.169041      2.30016      -1.1135      0.62794 -9.51424e-05 -0.000316826 -0.000207648 -2.82197e-05  0.000111715 -0.000500748    -0.386434     -37.0774     -17.4261      11.0071     0.902021       1.2563   -0.0865909  -2.6229e-15     -37.0988     -17.3196      10.9059      1.07719      1.32913    0.0172915
    0.806356      1.05805    -0.911203     -1.73644      0.11897      2.59198      1.05554 -0.000943776 -0.000152543  0.000393257  0.000642214  8.04511e-05 -8.72065e-05 -0.000290216     0.676966    0.0036917      0.16904      2.30016     -1.11349     0.627941  0.000170451 -0.000241571   7.1699e-05  0.000451802 -9.93089e-05 -0.000190697    -0.358663     -37.0774     -17.4499      10.9594     0.902021      1.26271   -0.0673648  2.41474e-15     -37.0989     -17.3196      10.9059      1.07719      1.32912    0.0172917
    0.806359      1.05805    -0.911205     -1.73644      0.11897      2.59198      1.05554  0.000529281   0.00124457 -0.000175871  0.000670808  -0.00019948 -1.57326e-05  0.000864608     0.676965   0.00369195     0.169039      2.30016     -1.11349      0.62794  8.08897e-05  0.000364077 -0.000335849 -0.000863255 -0.000156221  0.000353759    -0.410238      -37.125     -17.4261      10.9833      0.90843      1.26271   -0.0994083  1.56819e-15     -37.0989     -17.3196      10.9059      1.07719      1.32912    0.0172918
    0.806358      1.05805    -0.911203     -1.73644     0.118973      2.59198      1.05554  0.000270687  0.000403545 -0.000211752  -0.00118178 -0.000305071 -0.000185107 -0.000686278     0.676964    0.0036916      0.16904      2.30016     -1.11349     0.627937 -0.000406773 -0.000365043 -0.000435087 -0.000970842   0.00167342 -5.37615e-05    -0.386434     -37.0774     -17.4499      11.0348     0.913923      1.26912   -0.0609561  2.63678e-15     -37.0989     -17.3196      10.9059      1.07719      1.32913    0.0172917
    0.806359      1.05805    -0.911205     -1.73644      0.11897      2.59198      1.05554  0.000739345  0.000361351  -3.8807e-05 -0.000243694  5.32582e-05 -9.48104e-06 -0.000619824     0.676965    0.0036928     0.169041      2.30016     -1.11349     0.627944 -0.000115743  0.000357042 -0.000219219   -0.0004059  0.000763364  0.000988933    -0.410238     -37.0774     -17.4261      11.0071     0.902021      1.26271   -0.0673648  8.46545e-16     -37.0989     -17.3196      10.9059      1.07719      1.32912    0.0172915
    0.806359      1.05805    -0.911205     -1.73644     0.118971      2.59198      1.05554  0.000108551 -0.000175783 -0.000178045 -0.000939163   0.00022987 -1.35138e-05   0.00088014     0.676965   0.00369219     0.169041      2.30016     -1.11349     0.627942 -0.000252885 -0.000304757 -9.16652e-05  0.000170512 -0.000202856  -0.00144804    -0.410238     -37.0774     -17.4261      11.0348     0.896528      1.26271   -0.0994083 -1.13798e-15     -37.0989     -17.3196      10.9059      1.07719      1.32912    0.0172915
    0.806359      1.05805    -0.911207     -1.73644      0.11897      2.59198      1.05554 -0.000108586  6.51422e-05 -0.000967558    0.0008893 -0.000137467 -5.16181e-05 -0.000280498     0.676966   0.00369241     0.169043      2.30016     -1.11349     0.627945  0.000364624  -0.00019896  0.000611788 -0.000623833 -0.000918192  0.000294678    -0.410238     -37.0774     -17.3983      10.9594      0.90843      1.26271   -0.0673648 -2.65066e-15     -37.0989     -17.3196      10.9059       1.0772      1.32912    0.0172916
    0.806358      1.05805    -0.911205     -1.73644      0.11897      2.59198      1.05554 -0.000228365  0.000267235 -0.000445772  0.000254775  8.72151e-05 -0.000273913  0.000844505     0.676966   0.00369188     0.169041      2.30016     -1.11349     0.627943  7.19311e-05 -0.000313601  0.000111191  -0.00022753 -0.000622414  -0.00114597    -0.386434     -37.1012     -17.4261      10.9833     0.902021      1.26912   -0.0994083  1.23512e-15     -37.0989     -17.3196      10.9059      1.07719      1.32912    0.0172916
    0.806361      1.05805    -0.911202     -1.73644     0.118971      2.59198      1.05554  0.000595361  0.000370043  0.000543424 -0.000866911  0.000361574 -0.000264925 -0.000531945     0.676965   0.00369535      0.16904      2.30017     -1.11348      0.62794 -0.000392047  0.000275106 -0.000652779  3.05824e-05   0.00158356  0.000284116    -0.434042     -37.0774     -17.4737      11.0071     0.896528      1.26912   -0.0673648  4.57967e-16     -37.0989     -17.3196      10.9059      1.07719      1.32913    0.0172917
    0.806361      1.05805    -0.911203     -1.73644      0.11897      2.59198      1.05554  0.000399043  0.000706654 -0.000109871 -0.000895853  7.39691e-06 -0.000166427  0.000929792     0.676963   0.00369282     0.169038      2.30016     -1.11349     0.627936  -0.00036178 -0.000176522 -0.000539199 -0.000570605  0.000602344  -0.00109452    -0.434042     -37.1012     -17.4499      11.0348      0.90843      1.26912   -0.0929996 -8.18789e-16     -37.0988     -17.3196      10.9058      1.07719      1.32912     0.017292
    0.806365      1.05805    -0.911203     -1.73644     0.118971      2.59198      1.05554   0.00141706  0.000468117 -0.000293536 -0.000648633  0.000146093  3.58356e-05 -0.000839637     0.676965    0.0036968      0.16904      2.30017     -1.11348     0.627942 -0.000224637  0.000558311 -0.000265541 -0.000681515   0.00102291   0.00140369    -0.485616     -37.0774     -17.4499      11.0071     0.902021      1.26271   -0.0609561  2.90046e-15     -37.0989     -17.3196      10.9059      1.07719      1.32912    0.0172918
    0.806361      1.05805    -0.911205     -1.73644      0.11897      2.59198      1.05554  0.000356706  2.06357e-05 -0.000967538  5.81467e-06 -0.000350598 -3.80796e-05     0.001355     0.676965   0.00369394     0.169041      2.30016     -1.11349     0.627945    9.571e-05 -0.000173663  0.000394438 -0.000585716  -0.00125318  -0.00096321    -0.434042     -37.0774     -17.4261      11.0071     0.913923      1.26271    -0.105817  2.78944e-15     -37.0989     -17.3196      10.9059      1.07719      1.32912    0.0172915
    0.806361      1.05805    -0.911203     -1.73644     0.118971      2.59198      1.05554 -7.87377e-05 -0.000751252   0.00023918  0.000226978  0.000201733  0.000351103 -0.000444877     0.676966   0.00369553     0.169042      2.30017     -1.11349     0.627945  0.000162037  0.000238497  0.000342937  0.000809454 -0.000610907  0.000636715    -0.434042     -37.0496     -17.4499      10.9833     0.896528       1.2563   -0.0673648 -1.69309e-15     -37.0989     -17.3196       10.906      1.07719      1.32913    0.0172914
    0.806361      1.05805    -0.911206     -1.73644      0.11897      2.59198      1.05554  0.000392841  0.000489903  -0.00148305  0.000217037 -0.000121988  0.000263695  0.000315191     0.676966   0.00369379     0.169041      2.30016     -1.11349     0.627947  0.000188816  -0.00033647  0.000474217  -0.00121091  -0.00109026 -0.000184674    -0.434042     -37.1012     -17.3983      10.9833      0.90843       1.2563   -0.0929996  9.02056e-16     -37.0989     -17.3196      10.9059       1.0772      1.32912    0.0172916
    0.806358      1.05805    -0.911203     -1.73644     0.118971      2.59198      1.05554 -0.000538938 -0.000403335 -0.000157253 -0.000128883  0.000296676  0.000104217  7.16461e-05     0.676965   0.00369254      0.16904      2.30016     -1.11349      0.62794  3.41478e-05 -0.000425172  0.000233742  0.000394372 -0.000538628 -0.000873609    -0.386434     -37.0774     -17.4499      10.9833     0.896528      1.26271   -0.0801822  2.55351e-15     -37.0989     -17.3196      10.9059      1.07719      1.32912    0.0172916
    0.806361      1.05805    -0.911201     -1.73644      0.11897      2.59198      1.05554  0.000628401 -0.000769236  0.000207036 -0.000528589 -0.000144017  0.000102887   0.00107583     0.676965    0.0036957      0.16904      2.30017     -1.11349     0.627942 -9.12707e-05  0.000436433  0.000139279  0.000698773 -0.000709656  -0.00030518    -0.434042     -37.0496     -17.4499      11.0071      0.90843      1.26271   -0.0994083  4.14946e-15     -37.0989     -17.3195       10.906      1.07719      1.32913    0.0172915
    0.806359      1.05805    -0.911209     -1.73644      0.11897      2.59198      1.05554    0.0002534 -0.000397094   -0.0019808  -0.00127687 -0.000233455  3.90227e-05 -0.000296869     0.676965   0.00369053     0.169043      2.30016     -1.11349     0.627944 -0.000139645  -0.00106112  0.000684068  -0.00133746 -0.000368706  -0.00120349    -0.410238     -37.0496     -17.3745      11.0348      0.90843      1.26271   -0.0673648  1.67921e-15     -37.0988     -17.3196      10.9059       1.0772      1.32912    0.0172916
    0.806358      1.05805    -0.911202     -1.73644      0.11897      2.59198      1.05554 -0.000215581 -0.000200666  0.000852283  0.000236117 -0.000226084  8.47406e-05  6.20933e-05     0.676965   0.00369364      0.16904      2.30017     -1.11349     0.627941  1.42482e-05   0.00033464 -0.000199405  0.000567636  0.000224807  0.000508874    -0.386434     -37.0774     -17.4737      10.9833      0.90843      1.26271   -0.0801822 -2.91434e-16     -37.0989     -17.3196      10.9059      1.07719      1.32912    0.0172916
    0.806356      1.05805    -0.911205     -1.73644      0.11897      2.59198      1.05554 -0.000629175  0.000545185 -0.000193125  0.000432097 -9.05152e-05 -7.79757e-05  -0.00029917     0.676965   0.00369029      0.16904      2.30016     -1.11349     0.627941   8.7226e-05 -0.000431833 -6.63987e-05 -0.000557124  0.000234531 -0.000191838    -0.358663     -37.1012     -17.4261      10.9833     0.902021      1.26912   -0.0609561  3.42781e-15     -37.0989     -17.3196      10.9059      1.07719      1.32912    0.0172917
    0.806354      1.05805    -0.911207     -1.73644      0.11897      2.59198      1.05554  -0.00564149   0.00041757 -0.000840519  0.000179651 -4.46103e-05 -0.000316528 -0.000237928     0.676964   0.00368721      0.16904      2.30016     -1.11349     0.627937  8.90343e-05  -0.00419266  0.000182538 -0.000878177  4.20841e-05  -0.00592229    -0.334859     -37.1012     -17.3983      11.0071      0.90843      1.26912   -0.0737735  2.95597e-15     -37.0988     -17.3197      10.9059      1.07719      1.32912    0.0172919
    0.806358      1.05805    -0.911203     -1.73644      0.11897      2.59198      1.05554  7.01556e-05 -0.000552678  3.68063e-05 -0.000292335 -5.02641e-05 -0.000125561 -0.000508111     0.676965   0.00369181     0.169041      2.30016     -1.11349     0.627939 -4.29696e-05  2.12591e-05  0.000156249  0.000232243  0.000277098  0.000226744    -0.386434     -37.0496     -17.4499      11.0071      0.90843      1.26271   -0.0673648  1.54043e-15     -37.0989     -17.3196      10.9059      1.07719      1.32912    0.0172917
    0.806359      1.05805    -0.911205     -1.73644      0.11897      2.59197      1.05554  0.000785381 -0.000383357 -0.000881568 -0.000110333 -0.000144227 -0.000294526 -0.000235486     0.676964   0.00369201      0.16904      2.30016     -1.11349     0.627938  7.26806e-05  0.000140108  0.000500096 -0.000439513 -0.000309562  0.000357413    -0.410238     -37.0774     -17.3983      11.0071      0.90843      1.27552   -0.0737735  6.52256e-16     -37.0989     -17.3196      10.9059      1.07719      1.32912    0.0172918
    0.806359      1.05805    -0.911205     -1.73644     0.118973      2.59198      1.05554  0.000784466  4.33952e-05  7.27429e-05 -0.000567042  6.24922e-05   0.00303219 -0.000818313     0.676965   0.00369251     0.169041      2.30016     -1.11349     0.627942  7.79281e-05  0.000588335  3.03396e-05  6.86022e-05    -0.001371   0.00294941    -0.410238     -37.0774     -17.4261      11.0071     0.902021      1.26271   -0.0673648  2.55351e-15     -37.0989     -17.3196      10.9059      1.07719      1.32913    0.0172915
    0.806356      1.05805    -0.911203     -1.73644      0.11897      2.59198      1.05554 -0.000310253 -0.000817318  0.000886428    4.649e-05  5.85711e-05  5.10746e-05 -0.000598839     0.676965   0.00369101     0.169041      2.30016     -1.11349     0.627939  1.98717e-05  0.000287385  2.67778e-05   0.00106602  0.000263624  0.000612315    -0.358663     -37.0258     -17.4499      11.0071     0.902021      1.26912   -0.0609561  2.47025e-15     -37.0989     -17.3196       10.906      1.07719      1.32913    0.0172916
    0.806358      1.05805    -0.911203     -1.73644      0.11897      2.59198      1.05554 -0.000308517 -8.24678e-05  0.000402988 -8.86435e-05 -0.000326693  0.000242459  0.000274993     0.676965    0.0036923     0.169039      2.30016     -1.11349      0.62794 -3.82594e-05 -3.27223e-05 -0.000140949  0.000140484  4.38746e-05 -2.96501e-05    -0.386434     -37.0774     -17.4499      11.0071      0.90843       1.2563   -0.0865909  7.77156e-16     -37.0989     -17.3196      10.9059      1.07719      1.32912    0.0172917
   0.806359     1.05805   -0.911202    -1.73644     0.11897     2.59198     1.05554 0.000361247 -0.00100389  0.00125906 0.000305087 6.24212e-06  8.5401e-05  -0.0013151    0.676966  0.00369507    0.169041     2.30017    -1.11348    0.627942 8.23467e-05  0.00101549 2.81648e-05  0.00130662 0.000624081  0.00224705   -0.410238    -37.0496    -17.4737     10.9833    0.902021     1.26271  -0.0481387 2.17881e-15    -37.0989    -17.3195      10.906     1.07719     1.32913   0.0172915
    0.806359      1.05805    -0.911201     -1.73644     0.118969      2.59198      1.05554 -0.000603462 -1.15721e-05 -0.000129616 -0.000324149 -0.000383689 -0.000148815  0.000315271     0.676965   0.00369504      0.16904      2.30017     -1.11349     0.627941 -9.68703e-05 -0.000578115 -4.26154e-05 -0.000337573  0.000223171 -0.000993426    -0.410238     -37.0774     -17.4499      10.9833     0.913923      1.26912   -0.0865909   3.6221e-15     -37.0989     -17.3195       10.906      1.07719      1.32912    0.0172916
    0.806367      1.05805    -0.911198     -1.73644      0.11897      2.59198      1.05554   0.00125633  -0.00048827  0.000937187 -0.000428796  -4.2006e-06   9.1409e-05 -0.000536902     0.676965   0.00370098     0.169038      2.30018     -1.11347     0.627939 -0.000172042   0.00117384 -0.000274805   0.00074939  0.000815771   0.00189288    -0.513387     -37.0774     -17.5014      11.0071      0.90843      1.26271   -0.0673648  4.16334e-16      -37.099     -17.3195      10.9059      1.07719      1.32913    0.0172917
    0.806365      1.05805    -0.911202     -1.73644     0.118971      2.59198      1.05554 -0.000224436  0.000162681  0.000250476 -0.000191767  0.000397034 -2.53909e-05  0.000958756     0.676965   0.00369761     0.169039      2.30017     -1.11348     0.627941  -0.00010478 -0.000135855 -0.000231244  0.000439856 -0.000336253  -0.00122549    -0.485616     -37.1012     -17.4737      11.0071     0.896528      1.26271   -0.0929996  2.41474e-15     -37.0989     -17.3196      10.9059      1.07719      1.32912    0.0172917
    0.806365      1.05804    -0.911199     -1.73644      0.11897      2.59198      1.05554 -7.15593e-05  -0.00124032 -6.09756e-05 -0.000195097 -7.50925e-05   0.00705131  0.000551278     0.676965   0.00369967      0.16904      2.30017     -1.11348     0.627943  0.000711502  0.000527897   0.00109844   0.00148865  -0.00646905   0.00387752    -0.485616     -37.0258     -17.4737      10.9833      0.90843      1.26271   -0.0994083  -2.1233e-15     -37.0989     -17.3195       10.906      1.07719      1.32913    0.0172914
    0.806365      1.05805    -0.911198     -1.73644     0.118969      2.59197      1.05554  0.000296246 -0.000613376  0.000387039  -0.00110288 -0.000245299  -0.00017712 -0.000884597     0.676964   0.00369873     0.169038      2.30017     -1.11347     0.627935 -0.000329104  5.70993e-05 -0.000187031   0.00014215     0.001381  0.000440586    -0.485616     -37.0496     -17.4737      11.0348     0.913923      1.27552   -0.0545474 -1.19349e-15     -37.0989     -17.3195      10.9059      1.07719      1.32912    0.0172919
    0.806358      1.05805    -0.911202     -1.73644     0.118971      2.59198      1.05554  -0.00101259  0.000869843 -5.13654e-05 -0.000615179  0.000136753 -9.95356e-05  0.000615972     0.676964    0.0036921     0.169039      2.30016     -1.11349     0.627936 -0.000288328  -0.00102818 -0.000558952 -0.000569746  0.000641018  -0.00207976    -0.386434     -37.1012     -17.4499      11.0348     0.902021      1.26912   -0.0801822  2.09555e-15     -37.0989     -17.3196      10.9059      1.07719      1.32912    0.0172918
    0.806359      1.05805    -0.911204     -1.73644      0.11897      2.59198      1.05554  0.000794603 -4.45487e-05 -0.000539782 -0.000883982  5.41429e-05   0.00213049 -0.000597337     0.676965   0.00369285     0.169041      2.30017     -1.11349      0.62794 -2.56983e-05  0.000167846  0.000176955 -0.000335766  -0.00103568   0.00170242    -0.410238     -37.0496     -17.3983      11.0348     0.902021      1.26271   -0.0545474  1.42941e-15     -37.0989     -17.3196      10.9059      1.07719      1.32912    0.0172917
    0.806353      1.05805    -0.911205     -1.73644      0.11897      2.59198      1.05554 -0.000351554  2.01472e-05  0.000445352  0.000482057 -0.000160339  0.000140393  0.000295387     0.676967   0.00368952     0.169043      2.30016      -1.1135     0.627945  0.000113454  0.000127481 -6.01189e-05   0.00029732 -0.000265956  0.000159402    -0.311056     -37.0496     -17.4261      10.9594     0.902021      1.26271   -0.0801822  3.51108e-15     -37.0989     -17.3196       10.906      1.07719      1.32913    0.0172913
     0.80635      1.05805    -0.911201     -1.73644     0.118971      2.59197      1.05554 -0.000246326   0.00129989  0.000462893  0.000101742  0.000685998  -0.00056644 -0.000354769     0.676963   0.00368676     0.169037      2.30016     -1.11349     0.627928 -0.000212761  -0.00013854 -0.000816441 -0.000297359   0.00147726  -0.00045489    -0.311056      -37.125     -17.4499      11.0071     0.891035      1.27552   -0.0673648  4.20497e-15     -37.0989     -17.3196      10.9058      1.07719      1.32912     0.017292
    0.806349      1.05805    -0.911208     -1.73644      0.11897      2.59198      1.05554  -0.00130235 -0.000361028  -0.00085606  0.000485779  0.000112665 -0.000338146 -0.000187605     0.676964   0.00368285      0.16904      2.30015      -1.1135     0.627938   0.00025599  -0.00107005  0.000638297 -0.000159834 -0.000804008  -0.00152785    -0.259481     -37.1012     -17.3745      11.0348     0.902021      1.26912   -0.0737735  1.65146e-15     -37.0988     -17.3197      10.9059       1.0772      1.32912    0.0172918
    0.806348      1.05805    -0.911205     -1.73644      0.11897      2.59198      1.05554  2.29604e-05  0.000545233 -0.000313252  0.000278046 -0.000153705   -0.0010126  0.000831344     0.676964   0.00368359     0.169038      2.30015      -1.1135     0.627933  -3.3084e-05 -0.000162392 -0.000129346 -0.000571846  0.000314402  -0.00112753    -0.283285      -37.125     -17.3983      11.0071      0.90843      1.26271   -0.0994083  2.05391e-15     -37.0989     -17.3197      10.9058      1.07719      1.32912     0.017292
    0.806353      1.05805    -0.911203     -1.73644     0.118971      2.59198      1.05554    0.0006417 -0.000115893 -0.000218269 -0.000718466  0.000383186    0.0017357 -0.000926939     0.676963   0.00368768     0.169038      2.30016     -1.11349     0.627932 -3.40297e-05  0.000233395  9.24537e-05  6.33862e-05 -0.000635119   0.00162241    -0.334859     -37.1012     -17.4261      11.0348     0.896528       1.2563   -0.0481387  4.16334e-17     -37.0988     -17.3196      10.9059      1.07719      1.32912     0.017292
    0.806353      1.05805    -0.911204     -1.73645      0.11897      2.59198      1.05554  0.000641576 -0.000420998  -0.00103848 -0.000630875 -0.000292673  0.000429064   0.00075016     0.676963    0.0036868     0.169038      2.30016      -1.1135     0.627933 -3.11468e-06 -0.000141017  0.000498542 -0.000452512  -0.00116554 -0.000425948    -0.358663     -37.1012     -17.3983      11.0586      0.90843       1.2563   -0.0929996 -9.29812e-16     -37.0988     -17.3196      10.9058      1.07719      1.32912    0.0172919
    0.806359      1.05805    -0.911205     -1.73645      0.11897      2.59198      1.05554  0.000958873  -0.00110394 -9.71236e-05 -0.000940945 -1.97393e-05 -0.000290965  -0.00122808     0.676963   0.00369057      0.16904      2.30016     -1.11349     0.627935 -0.000184728  0.000398162  0.000286596  0.000310057  0.000824916   0.00103079    -0.434042     -37.0496     -17.4261      11.0586      0.90843      1.26271   -0.0481387   2.7478e-15     -37.0988     -17.3196      10.9059      1.07719      1.32912    0.0172919
    0.806361      1.05805    -0.911201     -1.73644      0.11897      2.59198      1.05554 -0.000614739 -0.000401979  0.000297443  4.31271e-05 -0.000216508 -8.89143e-05   0.00141294     0.676965   0.00369547      0.16904      2.30017     -1.11349      0.62794   2.1772e-05 -0.000229181  6.55273e-05  0.000584604 -0.000830613  -0.00144662    -0.434042     -37.0496     -17.4499      10.9833      0.90843      1.26271   -0.0994083  3.19189e-16     -37.0989     -17.3195       10.906      1.07719      1.32913    0.0172915
     0.80637      1.05804    -0.911203     -1.73644      0.11897      2.59198      1.05554  0.000794001 -0.000299055 -0.000611867  0.000760123 -2.65738e-05   0.00260475 -0.000536378     0.676967   0.00370268     0.169044      2.30018     -1.11348     0.627952  0.000560807  0.000759295  0.000803425   8.9005e-05  -0.00278079   0.00310294    -0.560995     -37.0258     -17.4499      10.9317     0.902021       1.2563   -0.0673648  2.38698e-15      -37.099     -17.3195       10.906      1.07719      1.32913    0.0172912
    0.806369      1.05805    -0.911197     -1.73644     0.118971      2.59198      1.05554  -0.00120527 -0.000464458  0.000681804  0.000456093  0.000235777 -0.000661123 -0.000370893     0.676965   0.00370345     0.169039      2.30018     -1.11347     0.627942  6.84392e-05 -0.000364994  4.42333e-06  0.000857662   0.00042004 -0.000836824    -0.537191     -37.0258     -17.5014      10.9594     0.896528      1.26271   -0.0673648  1.55431e-15      -37.099     -17.3195       10.906      1.07719      1.32913    0.0172916
    0.806375      1.05805    -0.911196     -1.73644      0.11897      2.59198      1.05554   0.00129825 -4.86774e-05  0.000327547  0.000876537   -0.0001274   0.00117383  0.000639658     0.676966   0.00370856     0.169039      2.30018     -1.11346     0.627947   0.00034102   0.00141111  0.000207662  0.000519801  -0.00168328   0.00239736    -0.588766     -37.0496     -17.5014      10.9317      0.90843       1.2563   -0.0865909  3.33067e-16      -37.099     -17.3195       10.906      1.07719      1.32913    0.0172915
    0.806368      1.05805    -0.911196     -1.73644     0.118971      2.59198      1.05554 -0.000215986 -0.000464717  0.000430005  -0.00105471  0.000236719  7.09711e-06  6.52862e-05     0.676965   0.00370295     0.169039      2.30018     -1.11348     0.627942 -0.000316579 -0.000265899 -0.000242353  0.000582098  0.000544043 -0.000920643    -0.485616     -37.0496     -17.5014      10.9833     0.896528      1.26271   -0.0801822  3.38618e-15      -37.099     -17.3195       10.906      1.07719      1.32913    0.0172915
    0.806368      1.05805      -0.9112     -1.73644     0.118971      2.59198      1.05554  0.000838644 -0.000508029 -0.000745662 -0.000649615 -6.19804e-05 -2.42798e-05   0.00047169     0.676964   0.00369971     0.169038      2.30017     -1.11348     0.627939 -7.02529e-05  8.56788e-05  0.000378515   -0.0001528 -0.000608601 -0.000313647    -0.485616     -37.1012     -17.4499      11.0348     0.902021      1.26271   -0.0865909  2.69229e-15     -37.0989     -17.3196      10.9059      1.07719      1.32912    0.0172917
    0.806354      1.05805      -0.9112     -1.73644      0.11897      2.59198      1.05554  -0.00113654 -0.000753546 -0.000244024   0.00138891 -0.000154849 -0.000384102  0.000954963     0.676965   0.00369064     0.169038      2.30016     -1.11349     0.627936  0.000510362   -0.0003413  0.000799254  0.000677194  -0.00188013  -0.00118191    -0.311056     -37.1012     -17.4499      10.9594      0.90843      1.26912   -0.0929996  2.70617e-15     -37.0989     -17.3196      10.9059      1.07719      1.32912    0.0172917
    0.806353      1.05805      -0.9112     -1.73644     0.118971      2.59198      1.05554  0.000474966 -1.41258e-06  0.000367853   0.00102425  0.000200889 -0.000194354  0.000956759     0.676964   0.00368951     0.169038      2.30016      -1.1135     0.627934  0.000259532  0.000809684  0.000106862  0.000694497  -0.00101716   0.00038197    -0.311056     -37.1012     -17.4499      10.9833     0.896528      1.26912    -0.105817  1.42941e-15     -37.0989     -17.3196      10.9059      1.07719      1.32912    0.0172917
    0.806349      1.05805    -0.911205     -1.73644     0.118971      2.59198      1.05554 -0.000226854 -0.000105486  -0.00119162  0.000353811  0.000292474  0.000442189 -0.000377825     0.676964   0.00368393     0.169039      2.30015      -1.1135     0.627934  0.000286861 -0.000506517  0.000686744 -0.000416634  -0.00130315 -0.000174466    -0.259481     -37.1012     -17.3745      11.0071     0.896528       1.2563   -0.0609561  1.41553e-15     -37.0988     -17.3197      10.9058      1.07719      1.32912     0.017292
    0.806353      1.05805    -0.911205     -1.73645      0.11897      2.59198      1.05554  0.000598569  0.000221823 -0.000693395 -1.02531e-05 -0.000114828  0.000240987  0.000920068     0.676963   0.00368574     0.169038      2.30015      -1.1135     0.627934  6.33632e-05   9.6125e-05  0.000203517 -0.000466601 -0.000977334 -0.000230272    -0.311056      -37.125     -17.3745      11.0348      0.90843      1.26271   -0.0994083   1.7486e-15     -37.0988     -17.3197      10.9058      1.07719      1.32912    0.0172919
    0.806354      1.05805    -0.911206     -1.73645     0.118973      2.59198      1.05554  0.000794786 -0.000501338 -0.000422714  -0.00110046 -6.45469e-05 -0.000283237  -0.00122245     0.676963   0.00368609      0.16904      2.30016      -1.1135     0.627933 -0.000267039  2.26704e-05  9.78498e-05 -0.000377238   0.00115935  0.000624968    -0.358663     -37.0496     -17.3983      11.0586      0.90843      1.26912   -0.0609561  2.26208e-15     -37.0988     -17.3196      10.9059      1.07719      1.32912    0.0172918
    0.806358      1.05805    -0.911202     -1.73644     0.118969      2.59198      1.05554  0.000347814  0.000994386  0.000410469  8.82541e-05 -0.000491833 -3.41671e-05  -0.00023163     0.676964   0.00369228     0.169038      2.30016     -1.11348     0.627936 -0.000133768  0.000329255 -0.000627393 -0.000829102   0.00126419   0.00106447    -0.386434     -37.1012     -17.4261      10.9833     0.913923      1.26271   -0.0737735  6.66134e-16     -37.0989     -17.3196      10.9059      1.07719      1.32912     0.017292
    0.806361      1.05804    -0.911202     -1.73645     0.118969      2.59198      1.05554  0.000519901 -0.000623016 -0.000252829 -0.000603981 -0.000392902 -0.000147593 -0.000603486     0.676964     0.003694      0.16904      2.30017     -1.11349     0.627936  -0.00010511  0.000107111  0.000222685 -0.000194358  0.000488293  0.000587011    -0.434042     -37.0258     -17.4261      11.0348     0.913923      1.26912   -0.0609561  3.01148e-15     -37.0988     -17.3195      10.9059      1.07719      1.32912    0.0172917
    0.806361      1.05805    -0.911198     -1.73644     0.118969      2.59198      1.05554 -0.000796631  0.000100706  0.000474548   0.00106759 -0.000545384 -8.44407e-05  -0.00139529     0.676964   0.00369612     0.169037      2.30017     -1.11348     0.627934  0.000263329  1.64973e-05  2.45048e-05 -0.000229323  0.000774679   0.00151782    -0.434042     -37.0774     -17.4737      10.9833     0.913923      1.26271   -0.0481387  4.01068e-15     -37.0989     -17.3195      10.9059      1.07719      1.32912     0.017292
    0.806365      1.05805      -0.9112     -1.73644     0.118973      2.59198      1.05554  0.000208914 -0.000641503  4.22327e-05  0.000535301  8.09233e-05 -0.000247563  0.000647072     0.676965   0.00369847      0.16904      2.30017     -1.11349     0.627941  0.000211266  0.000397294  0.000409826  0.000733266  -0.00103781 -0.000104268    -0.461813     -37.0496     -17.4499      10.9833     0.902021      1.26271   -0.0929996  5.77316e-15     -37.0989     -17.3195       10.906      1.07719      1.32913    0.0172914
    0.806366      1.05805      -0.9112     -1.73644     0.118973      2.59198      1.05554  0.000949309  0.000248314 -0.000150472 -7.72436e-05 -0.000209322 -0.000245402   0.00013596     0.676964   0.00369854     0.169038      2.30017     -1.11348     0.627939 -6.18592e-05  0.000507207  -9.5368e-05 -0.000419629  0.000325714  0.000689058    -0.485616     -37.1012     -17.4499      11.0071      0.90843      1.26912   -0.0865909  1.19349e-15     -37.0989     -17.3195      10.9059      1.07719      1.32913    0.0172916
    0.806365      1.05805    -0.911202     -1.73644     0.118969      2.59197      1.05554  0.000611144  -6.2833e-05 -0.000427368   0.00102293 -0.000435178 -0.000817911  -0.00095441     0.676964   0.00369731     0.169038      2.30017     -1.11348     0.627937  0.000292747  0.000529245  0.000416642 -0.000571988  0.000368789   0.00158063    -0.485616     -37.0774     -17.4261      10.9833     0.913923      1.28193   -0.0545474  5.14866e-15     -37.0989     -17.3196      10.9059      1.07719      1.32912    0.0172919
    0.806363      1.05805      -0.9112     -1.73644      0.11897      2.59197      1.05554  6.14052e-05  0.000764867 -2.34794e-05   0.00092648 -0.000386851 -0.000492278  0.000805649     0.676965   0.00369823     0.169039      2.30017     -1.11348     0.627941  0.000157573  0.000223898 -0.000144709 -0.000558115 -9.05522e-05 -7.74374e-06    -0.434042     -37.1012     -17.4499      10.9317     0.913923      1.27552   -0.0929996  2.60902e-15      -37.099     -17.3195      10.9059      1.07719      1.32912    0.0172916
    0.806364      1.05805    -0.911198     -1.73644      0.11897      2.59198      1.05554 -0.000481757  0.000206534 -3.53441e-05  -0.00114614 -0.000127651   0.00046518 -0.000981916     0.676964   0.00369817     0.169038      2.30017     -1.11348     0.627938 -0.000331237 -0.000717588 -0.000355333 -0.000595368   0.00123063 -0.000162348    -0.434042     -37.0774     -17.4737      11.0071      0.90843      1.24989   -0.0609561   3.9968e-15     -37.0989     -17.3195      10.9059      1.07719      1.32913    0.0172918
    0.806364      1.05805    -0.911202     -1.73644      0.11897      2.59198      1.05554 -0.000248952  0.000797078 -0.000469418  0.000210029   0.00011643 -0.000226012  -0.00102543     0.676965   0.00369695     0.169038      2.30017     -1.11347     0.627939  4.82315e-06 -0.000412472 -0.000136421 -0.000952407  0.000863285  0.000236298    -0.434042      -37.125     -17.4499      10.9833     0.902021      1.26912   -0.0481387  2.09555e-15     -37.0989     -17.3196      10.9059      1.07719      1.32912     0.017292
    0.806363      1.05805      -0.9112     -1.73644      0.11897      2.59198      1.05554 -0.000174523 -0.000913999  8.52132e-05  0.000119995 -0.000283197 -8.92391e-06   0.00124447     0.676965   0.00369754     0.169039      2.30017     -1.11348     0.627942  0.000131255  7.08633e-05  0.000422617  0.000770924   -0.0013015 -0.000837068    -0.410238     -37.0774     -17.4499      10.9833      0.90843      1.26271   -0.0994083  1.04083e-15      -37.099     -17.3195      10.9059      1.07719      1.32912    0.0172915
    0.806356      1.05805      -0.9112     -1.73644     0.118971      2.59198      1.05554 -0.000707861  0.000703341  -0.00031799  2.62963e-05  0.000533894 -0.000173239 -0.000609061     0.676964   0.00369119     0.169036      2.30016     -1.11349     0.627931 -5.01637e-05 -0.000711206 -0.000196482 -0.000465169  0.000546979 -0.000813853    -0.358663      -37.125     -17.4499      10.9833     0.891035      1.26912   -0.0609561  5.45397e-15     -37.0989     -17.3196      10.9058      1.07719      1.32912    0.0172921
    0.806358      1.05805    -0.911198     -1.73644      0.11897      2.59198      1.05554  0.000570162 -3.83837e-05   0.00013859  0.000873553 -0.000124597  0.000101886 -8.95611e-05     0.676964   0.00369349     0.169036      2.30017     -1.11348     0.627933  0.000266545  0.000755333  0.000199779  0.000172378 -0.000523764   0.00144888    -0.386434     -37.1012     -17.4737      10.9833      0.90843      1.26271   -0.0673648  3.27516e-15     -37.0989     -17.3196      10.9059      1.07719      1.32912     0.017292
    0.806358      1.05805      -0.9112     -1.73645     0.118971      2.59198      1.05554  0.000494709  0.000621635  0.000482269 -0.000144807  0.000262259  0.000185752  0.000263132     0.676963   0.00369154     0.169036      2.30016     -1.11349     0.627931 -0.000150853  0.000430034 -0.000518534  5.68345e-05  0.000418601   0.00038894    -0.386434      -37.125     -17.4499      11.0348     0.896528      1.26271   -0.0865909  2.55351e-15     -37.0989     -17.3196      10.9058      1.07719      1.32912     0.017292
    0.806353      1.05805      -0.9112     -1.73644     0.118971      2.59198      1.05554  -0.00122929  0.000423474  0.000312724   0.00012882  0.000336247   0.00128147  -0.00151582     0.676964   0.00368936     0.169039      2.30016     -1.11349     0.627932  7.75398e-05 -0.000614198 -0.000194999 -3.74505e-05  0.000206524  0.000785776    -0.311056     -37.0774     -17.4499      11.0071     0.896528      1.26271     -0.04173  1.66533e-15     -37.0989     -17.3195      10.9059      1.07719      1.32913    0.0172918
    0.806361      1.05805    -0.911202     -1.73644     0.118973      2.59198      1.05554   0.00122554  0.000324143 -0.000106233  2.58411e-05 -0.000372302 -0.000158718  9.36891e-05     0.676964   0.00369424     0.169039      2.30017     -1.11349     0.627938 -3.68534e-05   0.00074799 -0.000117545 -0.000538912  0.000363022   0.00124458    -0.434042     -37.0496     -17.4261      11.0071      0.90843      1.26912   -0.0737735  7.77156e-16     -37.0989     -17.3196      10.9059      1.07719      1.32913    0.0172916
    0.806359      1.05805    -0.911202     -1.73645      0.11897      2.59198      1.05554   0.00011472   0.00161591  0.000158684 -0.000594568 -0.000254162  4.40339e-05  -0.00129837     0.676963   0.00369162     0.169036      2.30016     -1.11348     0.627931 -0.000380766 -0.000239486 -0.000987694    -0.001579   0.00251171  0.000960246    -0.410238      -37.125     -17.4261      11.0348      0.90843      1.26271   -0.0481387  4.67681e-15     -37.0988     -17.3196      10.9058      1.07719      1.32912    0.0172923
    0.806359      1.05805    -0.911204     -1.73645     0.118974      2.59198      1.05554 -0.000175269 -0.000411117 -0.000861745 -0.000311791  0.000174091  0.000221563  0.000882446     0.676964   0.00369198     0.169041      2.30016      -1.1135      0.62794  6.12632e-05 -0.000533145  0.000494296  2.07368e-05  -0.00139497  -0.00145344    -0.410238     -37.0258     -17.3983      11.0348     0.896528       1.2563   -0.0929996  1.70697e-15     -37.0988     -17.3196      10.9059      1.07719      1.32913    0.0172914
    0.806359      1.05805    -0.911202     -1.73644      0.11897      2.59198      1.05554  -0.00101007 -9.59992e-05 -5.63779e-05  0.000522522 -0.000247078 -0.000209233  -0.00048012     0.676965   0.00369326      0.16904      2.30017     -1.11349     0.627939  0.000163113 -0.000531657  0.000190063  -0.00014547   9.2286e-05 -0.000293217    -0.386434     -37.0496     -17.4261      10.9833      0.90843      1.26271   -0.0737735  2.83107e-15     -37.0989     -17.3195       10.906      1.07719      1.32913    0.0172916
    0.806362      1.05805      -0.9112     -1.73644      0.11897      2.59198      1.05554  0.000168569 -0.000150748  5.67035e-05 -0.000430832 -0.000355643  9.05173e-05 -0.000822628     0.676964   0.00369593     0.169039      2.30017     -1.11348     0.627937 -0.000115214  2.24436e-05 -6.58216e-05  -0.00031315  0.000824497  0.000803624    -0.410238     -37.0496     -17.4499      11.0071      0.90843      1.26271   -0.0481387  4.57967e-16     -37.0989     -17.3195      10.9059      1.07719      1.32912    0.0172919
    0.806356      1.05805      -0.9112     -1.73644      0.11897      2.59198      1.05554 -0.000503105  0.000351743  0.000353153 -0.000180232 -0.000148656 -0.000263549  6.13207e-05     0.676963   0.00369022     0.169035      2.30016     -1.11349     0.627929 -0.000154421 -0.000308305 -0.000385667 -0.000183213  0.000820391 -0.000578448    -0.358663      -37.125     -17.4499      11.0348      0.90843      1.26912   -0.0801822  1.77636e-15     -37.0989     -17.3196      10.9058      1.07719      1.32912    0.0172922
    0.806356      1.05805    -0.911202     -1.73644     0.118973      2.59198      1.05554  -0.00070428 -0.000517614 -0.000760182  5.68188e-05 -0.000274884 -0.000130624  -0.00064874     0.676963   0.00368967     0.169037      2.30016     -1.11349      0.62793  0.000146645 -0.000729525  0.000567728 -0.000389439 -0.000258801 -0.000457256    -0.358663     -37.0774     -17.4261      11.0348      0.90843      1.26912   -0.0545474  1.08247e-15     -37.0988     -17.3196      10.9058      1.07719      1.32912     0.017292
    0.806356      1.05805      -0.9112     -1.73644     0.118969      2.59198      1.05554 -0.000241948  0.000676551  5.79924e-05 -0.000231201 -0.000533218  0.000353622  0.000182986     0.676964    0.0036911     0.169037      2.30016     -1.11349     0.627934 -0.000123004 -0.000263192 -0.000384671 -0.000785526  0.000512713  3.62573e-05    -0.358663      -37.125     -17.4499      11.0071     0.913923      1.24989   -0.0801822 -3.30291e-15     -37.0989     -17.3196      10.9059      1.07719      1.32912     0.017292
    0.806361      1.05805      -0.9112     -1.73644     0.118971      2.59198      1.05554   0.00104757 -0.000227649 -5.86841e-05  0.000728604  0.000271058 -0.000144015 -0.000245015     0.676964   0.00369519     0.169037      2.30017     -1.11348     0.627936  0.000241034  0.000942862  0.000319623  0.000379239 -0.000562469   0.00145182    -0.434042     -37.0774     -17.4499      10.9833     0.896528      1.26271   -0.0737735  2.13718e-15     -37.0989     -17.3196      10.9059      1.07719      1.32912    0.0172918
    0.806361      1.05805    -0.911202     -1.73644     0.118969      2.59198      1.05554 -0.000142364  -0.00043858 -0.000712485  0.000733325 -0.000310011 -3.50929e-07 -0.000758291     0.676965   0.00369561      0.16904      2.30017     -1.11348     0.627941   0.00035119 -9.87674e-05  0.000701146 -0.000332335 -0.000667594  0.000782129    -0.434042     -37.0774     -17.4261      10.9594     0.913923      1.26271   -0.0609561  2.77556e-17     -37.0989     -17.3196      10.9059      1.07719      1.32912    0.0172917
    0.806362      1.05805    -0.911202     -1.73644      0.11897      2.59198      1.05554  -0.00047754  0.000224411 -0.000716383  0.000416203 -8.28229e-05  1.65872e-05 -0.000481332     0.676966   0.00369719     0.169041      2.30017     -1.11348     0.627946  0.000181455 -0.000515249  0.000309475 -0.000664114 -0.000268974 -0.000112754    -0.434042     -37.0774     -17.4261      10.9594      0.90843      1.26271   -0.0545474 -7.35523e-16      -37.099     -17.3195       10.906      1.07719      1.32913    0.0172915
    0.806365      1.05805    -0.911195     -1.73644      0.11897      2.59198      1.05554  4.34876e-05 -0.000295689   0.00156179  0.000467451 -4.35742e-05  -0.00697593  8.42064e-05     0.676965   0.00370212     0.169038      2.30018     -1.11348      0.62794 -0.000603922  0.000381218 -0.000932985  0.000616708   0.00575997  -0.00334851    -0.461813     -37.0496     -17.5252      10.9317      0.90843      1.26271   -0.0801822  1.73472e-15      -37.099     -17.3195       10.906      1.07719      1.32913    0.0172915
    0.806365      1.05805    -0.911198     -1.73644     0.118969      2.59198      1.05554 -2.48191e-05  -0.00105559   0.00030391 -0.000244128 -0.000231439 -0.000240989  0.000123896     0.676964   0.00369857     0.169038      2.30017     -1.11348     0.627937 -9.19962e-06  0.000142053  0.000281943  0.000749888 -0.000159947 -0.000151591    -0.461813     -37.0496     -17.4737      11.0071     0.913923       1.2563   -0.0801822  1.59595e-15     -37.0989     -17.3195      10.9059      1.07719      1.32912    0.0172918
    0.806363      1.05805    -0.911202     -1.73644      0.11897      2.59198      1.05554 -0.000183158 -5.86306e-06 -0.000562772    0.0011343  0.000182122  0.000412474 -0.000312449     0.676964   0.00369569     0.169039      2.30017     -1.11348     0.627941  0.000447851  4.59478e-05  0.000578976 -3.77641e-05  -0.00135825  0.000713217    -0.410238     -37.0774     -17.4261      10.9833     0.902021      1.24989   -0.0673648 -1.17961e-15     -37.0989     -17.3196      10.9059      1.07719      1.32912    0.0172917
    0.806358      1.05805    -0.911202     -1.73644     0.118971      2.59198      1.05554  4.53959e-05  3.82299e-05  -0.00054063  0.000165448  0.000322093 -0.000373602  0.000605591     0.676964   0.00369208     0.169039      2.30016     -1.11349     0.627936  7.08128e-05 -0.000183106  0.000230551 -3.06442e-05 -0.000654985  -0.00100342    -0.386434     -37.0774     -17.4261      11.0071     0.896528      1.26912   -0.0929996  2.40086e-15     -37.0989     -17.3196      10.9059      1.07719      1.32912    0.0172917
    0.806359      1.05805    -0.911202     -1.73644     0.118971      2.59198      1.05554 -0.000360826  0.000461236 -0.000208643    0.0013411  0.000241947 -8.46586e-05 -0.000235093     0.676965   0.00369325     0.169038      2.30016     -1.11349     0.627938  0.000378331  5.54352e-05   0.00022686 -0.000114333 -0.000650242  0.000439514    -0.358663     -37.1012     -17.4261      10.9594     0.896528      1.26271   -0.0801822  1.85962e-15     -37.0989     -17.3196      10.9059      1.07719      1.32912    0.0172918
    0.806358      1.05805    -0.911202     -1.73645      0.11897      2.59198      1.05554  0.000750949 -0.000714148 -0.000179038 -0.000281401  -5.8546e-05  0.000161496   0.00045617     0.676963   0.00369122     0.169038      2.30016     -1.11349     0.627934  2.42817e-05  0.000433238  0.000348623  0.000417357 -0.000788333  0.000258285    -0.386434     -37.0496     -17.4261      11.0348      0.90843      1.26271   -0.0801822 -2.30371e-15     -37.0988     -17.3196      10.9059      1.07719      1.32912    0.0172919
    0.806358      1.05805    -0.911204     -1.73644      0.11897      2.59198      1.05554  0.000563899  0.000438721 -0.000293133   0.00108406  0.000126897  0.000104893  -0.00115638     0.676965   0.00369173      0.16904      2.30016     -1.11349     0.627938  0.000323483  0.000576362  0.000217528 -0.000423709 -6.65037e-05   0.00204217    -0.386434     -37.0774     -17.3983      10.9833     0.902021      1.26271   -0.0481387 -1.51268e-15     -37.0989     -17.3196      10.9059      1.07719      1.32912    0.0172918
    0.806354      1.05804    -0.911204     -1.73644      0.11897      2.59198      1.05554  -0.00125857 -0.000839359 -0.000588247  0.000488326  0.000141542  0.000547324   0.00130231     0.676965   0.00368978     0.169042      2.30016      -1.1135     0.627943  0.000361276 -0.000802548  0.000819276  0.000717795  -0.00257677  -0.00194603    -0.334859     -37.0258     -17.3983      10.9833     0.902021      1.24989   -0.0994083  4.55191e-15     -37.0989     -17.3196       10.906      1.07719      1.32913    0.0172913
    0.806356      1.05805      -0.9112     -1.73644     0.118971      2.59198      1.05554 -0.000696126   0.00133411  0.000387118 -0.000728163  0.000431462 -0.000193005  0.000215035     0.676963   0.00369025     0.169036      2.30016     -1.11349     0.627929 -0.000430913 -0.000729384 -0.000997296  -0.00054497   0.00150972  -0.00155742    -0.358663      -37.125     -17.4499      11.0348     0.891035      1.26912   -0.0801822 -5.13478e-16     -37.0989     -17.3196      10.9058      1.07719      1.32912     0.017292
    0.806361      1.05805      -0.9112     -1.73644     0.118971      2.59198      1.05554  0.000880285  0.000650062  0.000158389   0.00140304  0.000200286 -0.000127724  0.000292978     0.676964   0.00369567     0.169038      2.30017     -1.11348     0.627938  0.000329063   0.00104986 -4.78987e-06  4.71071e-05 -0.000606643   0.00149668    -0.434042     -37.1012     -17.4499      10.9594     0.896528      1.26912   -0.0801822  2.34535e-15     -37.0989     -17.3196      10.9059      1.07719      1.32912    0.0172918
    0.806358      1.05805      -0.9112     -1.73645      0.11897      2.59198      1.05554  0.000104432 -0.000718073 -0.000202348  -0.00107969   6.5535e-06  0.000115313  4.36939e-05     0.676963   0.00369178     0.169037      2.30016     -1.11349     0.627932 -0.000221179 -0.000288625  0.000143674  0.000230839  1.77064e-05 -0.000702352    -0.386434     -37.0774     -17.4499      11.0348     0.902021      1.26271   -0.0865909  1.80411e-15     -37.0989     -17.3196      10.9059      1.07719      1.32912    0.0172919
    0.806361      1.05805    -0.911198     -1.73644      0.11897      2.59198      1.05554  0.000820004 -9.65188e-06 -1.14865e-05  9.25182e-05 -6.33344e-05  0.000347601 -0.000535317     0.676964   0.00369593     0.169037      2.30017     -1.11348     0.627935  5.85489e-05  0.000609227  6.01196e-05 -9.44848e-05  1.15079e-05     0.001548    -0.434042      -37.125     -17.4737      10.9833     0.902021       1.2563   -0.0673648  1.16573e-15     -37.0989     -17.3195      10.9059      1.07719      1.32912    0.0172919
    0.806361      1.05805      -0.9112     -1.73644      0.11897      2.59198      1.05554  0.000270745  6.92255e-05  1.65762e-05  0.000585885  9.04095e-05  0.000225117   0.00122153     0.676964   0.00369548     0.169038      2.30017     -1.11349     0.627939  0.000190593  0.000395879  0.000135747  0.000366732  -0.00131763 -0.000165043    -0.434042     -37.1012     -17.4499      10.9833     0.902021       1.2563   -0.0994083  6.93889e-17     -37.0989     -17.3195      10.9059      1.07719      1.32912    0.0172917
    0.806365      1.05805    -0.911202     -1.73644     0.118974      2.59198      1.05554  0.000308943  0.000133324 -0.000935474  0.000928024  0.000165647  0.000257555 -0.000957098     0.676965   0.00369791     0.169039      2.30017     -1.11348     0.627941  0.000391837  0.000120951  0.000603877 -0.000541997 -0.000828363   0.00128565    -0.461813     -37.0774     -17.4261      10.9594     0.896528       1.2563   -0.0481387  1.80411e-16     -37.0989     -17.3196      10.9059      1.07719      1.32913    0.0172916
    0.806366      1.05804    -0.911198     -1.73644      0.11897      2.59198      1.05554   0.00105914   -0.0010848  0.000529274 -0.000118392 -0.000192173 -0.000315501   0.00063311     0.676965   0.00369975      0.16904      2.30017     -1.11348      0.62794 -1.21378e-06   0.00101292   0.00022871   0.00104224 -0.000400291  0.000668104    -0.485616     -37.0258     -17.4737      10.9833      0.90843      1.26912   -0.0865909  1.92901e-15     -37.0989     -17.3195       10.906      1.07719      1.32913    0.0172915
    0.806361      1.05804      -0.9112     -1.73644     0.118971      2.59198      1.05554  -0.00117028  -0.00145711 -0.000477364  0.000459821  0.000161918  1.10738e-05  -0.00122226     0.676965   0.00369634     0.169041      2.30017     -1.11348      0.62794  0.000363156 -0.000671436   0.00101485  0.000728065 -0.000957699 -0.000242808    -0.434042      -37.002     -17.4499      10.9833     0.896528       1.2563     -0.04173  1.16573e-15     -37.0989     -17.3195       10.906      1.07719      1.32913    0.0172915
    0.806363      1.05805    -0.911198     -1.73644     0.118969      2.59197      1.05554 -0.000929884  -0.00075148  0.000280524 -0.000572827 -0.000385017 -0.000447031  0.000125021     0.676964   0.00369732     0.169038      2.30017     -1.11348     0.627935 -0.000158017 -0.000640953  4.27745e-05  0.000338753  0.000490285  -0.00133323    -0.434042     -37.0496     -17.4737      11.0071     0.913923      1.27552   -0.0737735    4.996e-16     -37.0989     -17.3195      10.9059      1.07719      1.32913    0.0172918
    0.806362      1.05805    -0.911202     -1.73644     0.118971      2.59198      1.05554 -0.000226002 -0.000652589 -0.000813649 -0.000423999  0.000269669 -0.000292455 -0.000602462     0.676964   0.00369523      0.16904      2.30017     -1.11349     0.627938  3.75841e-06 -0.000595535  0.000519343   -4.952e-05 -0.000185596 -0.000805665    -0.434042     -37.0258     -17.4261      11.0071     0.896528      1.26912   -0.0609561   2.2482e-15     -37.0989     -17.3195       10.906      1.07719      1.32913    0.0172916
     0.80636      1.05805      -0.9112     -1.73644      0.11897      2.59198      1.05554  0.000174216 -8.24825e-05 -6.16071e-06 -0.000268913 -0.000205115   -0.0001855  -0.00114058     0.676964    0.0036942     0.169038      2.30017     -1.11348     0.627933 -9.05302e-05  2.33165e-05 -4.73276e-05 -0.000354053    0.0010609  0.000866291    -0.410238     -37.0774     -17.4499      11.0071      0.90843      1.26912   -0.0481387  1.52656e-16     -37.0989     -17.3195      10.9059      1.07719      1.32912     0.017292
    0.806356      1.05805    -0.911202     -1.73644     0.118969      2.59198      1.05554 -0.000298068   7.3592e-05 -4.27525e-05  0.000454471 -0.000382018  0.000373726 -0.000404295     0.676964   0.00369047     0.169038      2.30016     -1.11349     0.627935   0.00017018 -4.18561e-05  0.000129251 -0.000297062 -0.000169271  0.000773718    -0.358663     -37.1012     -17.4261      11.0071     0.913923       1.2563   -0.0673648  3.98293e-15     -37.0989     -17.3196      10.9059      1.07719      1.32912    0.0172919
    0.806356      1.05805    -0.911205     -1.73644      0.11897      2.59198      1.05554  0.000553029 -0.000432705  -0.00137711  0.000471373 -0.000251758  3.93299e-05 -0.000546486     0.676965   0.00368956      0.16904      2.30016     -1.11349     0.627939  0.000340337 -1.75541e-06  0.000913439 -0.000701648  -0.00108298  0.000798709    -0.358663     -37.0774     -17.3745      11.0071      0.90843      1.26271   -0.0673648  3.33067e-15     -37.0989     -17.3196      10.9059      1.07719      1.32912    0.0172918
    0.806353      1.05805      -0.9112     -1.73644      0.11897      2.59198      1.05554  -0.00079574 -1.22422e-05 -0.000503436  0.000567829  0.000117758 -0.000160548  0.000304493     0.676964   0.00368969     0.169038      2.30016     -1.11349     0.627934   0.00021865  -0.00057557  0.000360273 -7.52327e-05 -0.000839886  -0.00105874    -0.311056     -37.0774     -17.4261      10.9833     0.902021      1.26912   -0.0801822  1.15186e-15     -37.0989     -17.3195      10.9059      1.07719      1.32912    0.0172918
    0.806354      1.05805    -0.911204     -1.73644     0.118969      2.59198      1.05554 -0.000494924 -0.000256991  -0.00018729  0.000330531 -0.000413955  0.000401846  -0.00128214     0.676965     0.003689     0.169039      2.30016     -1.11349     0.627937  0.000187715 -0.000237706  0.000314802 -0.000347627  0.000131041   0.00113041    -0.334859     -37.0774     -17.3983      10.9833     0.913923       1.2563   -0.0545474  1.40166e-15     -37.0989     -17.3196      10.9059      1.07719      1.32912    0.0172919
    0.806359      1.05805    -0.911202     -1.73644      0.11897      2.59198      1.05554  0.000659414  0.000773905 -0.000241205  0.000330772 -0.000237571 -0.000254798  0.000717627     0.676964   0.00369345     0.169039      2.30016     -1.11349     0.627938  1.43324e-05  0.000347502 -0.000196331 -0.000695385  6.31116e-06  0.000201196    -0.410238     -37.1012     -17.4261      10.9833      0.90843      1.26912   -0.0929996  1.15186e-15     -37.0989     -17.3196      10.9059      1.07719      1.32912    0.0172918
    0.806361      1.05805    -0.911204     -1.73644      0.11897      2.59198      1.05554   0.00119522   0.00035435 -0.000671506  0.000105426  7.76649e-05   -1.491e-05 -0.000545553     0.676965   0.00369396      0.16904      2.30017     -1.11348      0.62794   5.7234e-05  0.000511223  0.000145496 -0.000692195  6.27645e-05   0.00129965    -0.434042     -37.0774     -17.3983      10.9833     0.902021      1.26271   -0.0609561  2.22045e-15     -37.0989     -17.3196      10.9059      1.07719      1.32912    0.0172917
    0.806358      1.05805    -0.911202     -1.73645      0.11897      2.59197      1.05554  -0.00130622 -0.000597905 -0.000324568 -0.000978823  0.000138858 -0.000562742 -0.000117727     0.676963    0.0036912     0.169038      2.30016     -1.11349     0.627932 -0.000245441  -0.00132836  0.000115402  8.77349e-05  0.000515121    -0.002492    -0.386434     -37.0496     -17.4261      11.0348     0.902021      1.27552   -0.0737735 -5.55112e-17     -37.0988     -17.3196      10.9059      1.07719      1.32912    0.0172919
    0.806361      1.05805    -0.911202     -1.73644     0.118971      2.59198      1.05554 -0.000497864  0.000216957 -5.01365e-05 -2.00908e-05  0.000185765 -6.38438e-05  -0.00049884     0.676964   0.00369413     0.169039      2.30017     -1.11349     0.627937 -2.90761e-05 -0.000398562 -8.90179e-05 -0.000163514   0.00040917 -0.000307664    -0.434042     -37.0774     -17.4261      11.0071     0.896528      1.26271   -0.0673648   1.3739e-15     -37.0989     -17.3196      10.9059      1.07719      1.32912    0.0172918
    0.806368      1.05805    -0.911196     -1.73644     0.118971      2.59198      1.05554   0.00126303    0.0001559   0.00126007 -0.000141058   0.00045353  0.000389776   0.00030778     0.676963   0.00370062     0.169036      2.30017     -1.11348     0.627935 -0.000162926   0.00135403  -0.00060951   0.00101653   0.00031693   0.00152091    -0.485616     -37.1012     -17.5014      11.0071     0.896528       1.2563   -0.0865909  1.38778e-15     -37.0989     -17.3195      10.9059      1.07719      1.32912    0.0172918
    0.806361      1.05805    -0.911202     -1.73644     0.118969      2.59198      1.05554 -0.000271619  0.000198171 -0.000524361  0.000150272 -0.000272026 -0.000109792  -0.00137604     0.676964   0.00369413     0.169038      2.30017     -1.11348     0.627934  6.98125e-05 -0.000386568  0.000157237 -0.000877696  0.000749866  0.000724143    -0.434042     -37.0774     -17.4261      11.0071     0.913923      1.26912   -0.0481387 -1.20737e-15     -37.0989     -17.3196      10.9059      1.07719      1.32912    0.0172921
    0.806362      1.05805      -0.9112     -1.73644      0.11897      2.59198      1.05554 -0.000967328  0.000774863  7.02856e-05   0.00077481  3.70415e-05  4.00858e-05  0.000479568     0.676964   0.00369611     0.169038      2.30017     -1.11348     0.627938  0.000151376 -0.000451535 -0.000183737 -0.000265594 -0.000306859 -0.000763668    -0.410238     -37.1012     -17.4499      10.9833     0.902021      1.26271   -0.0801822  1.11022e-15     -37.0989     -17.3195      10.9059      1.07719      1.32912    0.0172918
    0.806364      1.05805    -0.911198     -1.73644     0.118971      2.59198      1.05554  0.000342391  0.000270542  0.000740721 -0.000441083   0.00026494  0.000324035 -0.000674975     0.676964   0.00369752     0.169037      2.30017     -1.11348     0.627935   -0.0002169  0.000389735 -0.000531307  0.000255762   0.00101735  0.000964482    -0.461813     -37.0774     -17.4737      11.0071     0.896528       1.2563   -0.0609561 -8.88178e-16     -37.0989     -17.3195      10.9059      1.07719      1.32912    0.0172919
    0.806362      1.05805    -0.911198     -1.73644     0.118971      2.59198      1.05554 -0.000235254  0.000319935  0.000608385    0.0003656  0.000278622 -0.000148568  0.000365129     0.676964   0.00369622     0.169037      2.30017     -1.11348     0.627934  1.03424e-06  0.000173796 -0.000318476  0.000440106  0.000116109 -0.000228644    -0.434042     -37.0774     -17.4737      11.0071     0.896528      1.26912   -0.0801822  2.02616e-15     -37.0989     -17.3195      10.9059      1.07719      1.32912    0.0172918
    0.806366      1.05805    -0.911204     -1.73644      0.11897      2.59198      1.05554   0.00122206 -8.46371e-05 -0.000668371 -0.000171409  6.87586e-05   8.4647e-05  -0.00146984     0.676964   0.00369682     0.169041      2.30017     -1.11348      0.62794  2.98517e-05  0.000496464  0.000284375 -0.000589001  0.000452542   0.00191428    -0.461813     -37.0496     -17.3983      11.0071     0.902021      1.26271   -0.0481387  2.22045e-16     -37.0988     -17.3196      10.9059      1.07719      1.32912    0.0172918
    0.806358      1.05805      -0.9112     -1.73645     0.118969      2.59198      1.05554  6.11412e-05  0.000595175  0.000233911  -0.00112906 -0.000207636 -6.21438e-05  0.000614726     0.676963   0.00369175     0.169036      2.30016     -1.11348     0.627931 -0.000447166 -0.000312002 -0.000689386    -0.000516     0.001112 -0.000985941    -0.386434     -37.1012     -17.4499      11.0348     0.913923      1.26271   -0.0865909 -5.41234e-16     -37.0989     -17.3196      10.9058      1.07719      1.32912    0.0172921
    0.806354      1.05805      -0.9112     -1.73644      0.11897      2.59198      1.05554 -0.000557449   0.00043078  8.41287e-06 -0.000280112 -0.000210778  -0.00534135   -0.0010873     0.676964   0.00369007     0.169038      2.30016     -1.11349     0.627932 -0.000607725  -0.00091095 -0.000694253  -0.00115973   0.00535292   -0.0031864    -0.334859     -37.1012     -17.4499      11.0071      0.90843      1.26271   -0.0545474 -1.85962e-15     -37.0989     -17.3196      10.9059      1.07719      1.32912     0.017292
    0.806358      1.05805    -0.911198     -1.73644      0.11897      2.59198      1.05554  0.000516107 -0.000922299   0.00108169  -0.00042113 -5.22533e-05 -0.000255423 -0.000716003     0.676964   0.00369382     0.169038      2.30017     -1.11348     0.627938 -0.000163633  0.000764066 -0.000156648   0.00105594  0.000997491   0.00117438    -0.386434     -37.0496     -17.4737      11.0348      0.90843      1.26271   -0.0609561 -2.63678e-16     -37.0989     -17.3195      10.9059      1.07719      1.32913    0.0172917
    0.806358      1.05806    -0.911202     -1.73644      0.11897      2.59198      1.05554  0.000878303    0.0012693 -0.000201599   0.00043236 -4.70477e-05  0.000482612  0.000985834     0.676963    0.0036911     0.169035      2.30016     -1.11349     0.627933  5.01793e-05  0.000540181 -0.000360383 -0.000770609 -0.000509312  0.000657812    -0.386434     -37.1488     -17.4261      11.0071      0.90843      1.26271   -0.0994083  2.22045e-15     -37.0989     -17.3196      10.9058      1.07719      1.32911    0.0172921
    0.806358      1.05805    -0.911202     -1.73644     0.118971      2.59198      1.05554  0.000551152   0.00106134 -0.000277475  0.000566856 -5.17397e-05  4.76015e-05   0.00020652     0.676964   0.00369205     0.169038      2.30016     -1.11349     0.627936  8.59869e-05  0.000324095 -0.000227666 -0.000827215  1.95843e-05  0.000708914    -0.386434      -37.125     -17.4261      10.9833      0.90843      1.26271   -0.0929996  3.63598e-15     -37.0989     -17.3196      10.9059      1.07719      1.32912    0.0172918
    0.806356      1.05805    -0.911204     -1.73644     0.118969      2.59198      1.05554 -0.000318887  0.000661178 -0.000990621   0.00137023 -0.000300681 -0.000101851 -0.000798842     0.676965   0.00369079      0.16904      2.30016     -1.11349     0.627939  0.000444122 -0.000260307  0.000463726   -0.0011931  -0.00043096  0.000868511    -0.358663     -37.1012     -17.3983      10.9594     0.913923      1.26271   -0.0609561 -7.07767e-16     -37.0989     -17.3196      10.9059      1.07719      1.32912    0.0172918
    0.806354      1.05805    -0.911198     -1.73644      0.11897      2.59198      1.05554  -0.00176358   0.00129163  0.000499218   0.00068281 -1.44774e-05 -0.000153567   0.00108128     0.676964   0.00369113     0.169036      2.30016     -1.11349     0.627933  4.98116e-06 -0.000911554 -0.000649067  -0.00033643  0.000185267  -0.00196582    -0.334859      -37.125     -17.4737      10.9833     0.902021      1.26271   -0.0994083  1.54043e-15     -37.0989     -17.3195      10.9059      1.07719      1.32912    0.0172918
    0.806359      1.05805      -0.9112     -1.73644      0.11897      2.59197      1.05554 -0.000155441  -0.00124035 -0.000203058  0.000348706  0.000126793 -0.000548573  -0.00157384     0.676964   0.00369441     0.169039      2.30017     -1.11348     0.627935  0.000222052   2.9716e-05  0.000723351  0.000580911  0.000103442  0.000764408    -0.410238     -37.0258     -17.4499      10.9833      0.90843      1.27552   -0.0481387  2.22045e-16     -37.0989     -17.3195      10.9059      1.07719      1.32912    0.0172918
    0.806363      1.05805    -0.911202     -1.73645     0.118971      2.59198      1.05554 -0.000141213  0.000326586 -0.000377454  -0.00139286  0.000279563  0.000218223  0.000350976     0.676963   0.00369437     0.169037      2.30016     -1.11349     0.627934 -0.000407681  -0.00075644 -0.000347106 -0.000435316  0.000465817   -0.0015853    -0.434042     -37.0774     -17.4261      11.0586     0.902021      1.26271   -0.0801822  6.10623e-16     -37.0988     -17.3196      10.9058      1.07719      1.32912    0.0172919
    0.806363      1.05805    -0.911198     -1.73644      0.11897      2.59198      1.05554  3.66324e-05  0.000720809   0.00100071 -0.000217302  9.75342e-05 -4.88415e-05  -0.00128507     0.676963     0.003697     0.169036      2.30017     -1.11347     0.627932 -0.000258283  0.000292187 -0.000824298 -0.000130042   0.00206823   0.00127202    -0.434042     -37.1012     -17.4737      11.0071     0.902021      1.26271   -0.0481387    2.498e-16     -37.0989     -17.3195      10.9059      1.07719      1.32912    0.0172921
    0.806364      1.05805      -0.9112     -1.73644     0.118972      2.59198      1.05554  0.000978005  0.000286351 -0.000319709  0.000823604  0.000740856  7.41349e-06 -0.000688887     0.676964   0.00369734     0.169039      2.30017     -1.11348     0.627938  0.000253907  0.000758896  0.000230788  0.000112816 -0.000482041   0.00147065    -0.461813     -37.0774     -17.4499      10.9833     0.884626      1.26271   -0.0609561  1.30451e-15     -37.0989     -17.3195      10.9059      1.07719      1.32913    0.0172917
    0.806363      1.05805      -0.9112     -1.73644      0.11897      2.59198      1.05554 -0.000113537 -0.000287712  -0.00027064  -0.00057988 -3.68944e-05 -0.000265292  0.000893462     0.676963   0.00369551     0.169037      2.30017     -1.11348     0.627935 -0.000141332 -0.000374817   7.3994e-05  6.02322e-05   -0.0002923   -0.0014766    -0.410238     -37.0774     -17.4499      11.0071     0.902021      1.26912   -0.0929996  6.10623e-16     -37.0989     -17.3196      10.9059      1.07719      1.32912    0.0172919
     0.80636      1.05805      -0.9112     -1.73645     0.118971      2.59198      1.05554 -0.000164734   0.00049136 -0.000633543  -0.00114089   0.00021293  -3.9994e-05  -0.00020403     0.676963   0.00369282     0.169036      2.30016     -1.11348     0.627931 -0.000344519 -0.000835029 -0.000269399 -0.000833961  0.000809651   -0.0012597    -0.410238     -37.1012     -17.4499      11.0348     0.896528      1.26271   -0.0737735  2.58127e-15     -37.0989     -17.3196      10.9058      1.07719      1.32912    0.0172921
    0.806362      1.05805    -0.911201     -1.73644      0.11897      2.59198      1.05554 -0.000558594  -0.00108995 -0.000497755  0.000194386  4.24608e-05  0.000251233   0.00127799     0.676964   0.00369502      0.16904      2.30017     -1.11349     0.627941  0.000260394 -0.000379949  0.000796322  0.000805693  -0.00220204  -0.00151379    -0.410238     -37.0496     -17.4261      11.0071     0.902021       1.2563    -0.105817 -1.36002e-15     -37.0989     -17.3195      10.9059      1.07719      1.32913    0.0172915
    0.806358      1.05805    -0.911198     -1.73644      0.11897      2.59198      1.05554   -0.0006093 -0.000320792  0.000285517 -5.64885e-05 -8.17788e-05 -0.000193991   0.00116197     0.676964   0.00369414     0.169038      2.30017     -1.11349     0.627935 -2.60843e-05 -0.000283707 -7.96401e-07   0.00053621 -0.000534562  -0.00147214    -0.386434     -37.0774     -17.4737      10.9833      0.90843      1.26912   -0.0994083  3.91354e-15     -37.0989     -17.3195      10.9059      1.07719      1.32913    0.0172917
    0.806359      1.05805      -0.9112     -1.73644     0.118973      2.59198      1.05554 -0.000369101 -0.000412627 -0.000165169  0.000677814 -0.000283809 -3.91916e-05 -0.000868435     0.676965   0.00369442      0.16904      2.30017     -1.11349      0.62794  0.000271094 -4.14908e-05  0.000439563 -3.67583e-05 -0.000179978  0.000829394    -0.386434     -37.0496     -17.4499      10.9594      0.90843      1.26271   -0.0609561  4.16334e-16     -37.0989     -17.3195       10.906      1.07719      1.32913    0.0172914
    0.806362      1.05805    -0.911202     -1.73645      0.11897      2.59198      1.05555  0.000721305  0.000721649  0.000384266  -0.00157858 -0.000193576 -0.000117749  0.000603535     0.676963     0.003693     0.169037      2.30016     -1.11349     0.627933 -0.000623586  2.82449e-05 -0.000937222 -0.000592308     0.001654 -0.000596944    -0.410238     -37.1012     -17.4261      11.0586      0.90843      1.26912   -0.0865909  2.44249e-15     -37.0988     -17.3196      10.9058      1.07719      1.32912    0.0172919
    0.806358      1.05805    -0.911196     -1.73644      0.11897      2.59198      1.05554  0.000238924  0.000900463   0.00179451  0.000209456 -0.000197307 -0.000219081  0.000464298     0.676963    0.0036937     0.169035      2.30016     -1.11349     0.627929 -0.000246373  0.000886215  -0.00114747  0.000403353   0.00157105  0.000888178    -0.386434     -37.1012     -17.5014      11.0071      0.90843      1.26912   -0.0929996  3.19189e-15     -37.0989     -17.3195      10.9059      1.07719      1.32912     0.017292
    0.806355      1.05805    -0.911202     -1.73644      0.11897      2.59198      1.05554 -0.000560634  -0.00113662 -0.000424679  1.78035e-05 -7.33636e-05 -0.000153556   0.00140761     0.676964   0.00369027      0.16904      2.30016      -1.1135     0.627937  0.000167398 -0.000432291  0.000707549  0.000763971  -0.00178406  -0.00188826    -0.334859     -37.0496     -17.4261      11.0348      0.90843      1.26912    -0.105817  3.94129e-15     -37.0989     -17.3195      10.9059      1.07719      1.32912    0.0172916
    0.806354      1.05805    -0.911202     -1.73644      0.11897      2.59198      1.05554  -0.00121082   -0.0001252 -0.000506297 -0.000762423  0.000246881  2.97157e-05  5.15177e-06     0.676964   0.00368894     0.169039      2.30016     -1.11349     0.627933 -0.000160828  -0.00128261  7.44198e-05 -0.000179109 -2.77206e-07  -0.00211924    -0.334859     -37.0774     -17.4261      11.0348     0.902021      1.26271   -0.0801822  1.72085e-15     -37.0988     -17.3196      10.9059      1.07719      1.32912    0.0172918
    0.806359      1.05805      -0.9112     -1.73644      0.11897      2.59198      1.05554  0.000228455   0.00114073  0.000274666 -0.000548213  0.000312062 -0.000277217  0.000678618     0.676964   0.00369431     0.169037      2.30017     -1.11348     0.627939 -0.000352611 -7.26071e-05 -0.000818249 -0.000443729   0.00100874 -0.000900309    -0.410238      -37.125     -17.4499      11.0071     0.902021      1.26912   -0.0865909 -5.55112e-17     -37.0989     -17.3196      10.9059      1.07719      1.32912    0.0172918
    0.806359      1.05805      -0.9112     -1.73644     0.118971      2.59198      1.05554 -0.000113607  0.000407596  -0.00022914 -0.000472711  0.000413972 -1.95195e-05  0.000863899     0.676964   0.00369347     0.169037      2.30016     -1.11349     0.627934 -0.000168949 -0.000391445 -0.000218138 -8.06945e-05  -0.00022398   -0.0014773    -0.410238     -37.0774     -17.4499      11.0071     0.896528      1.26912   -0.0929996  1.11022e-16     -37.0989     -17.3196      10.9059      1.07719      1.32912    0.0172918
    0.806363      1.05805      -0.9112     -1.73644     0.118971      2.59198      1.05554  0.000670897  0.000238189 -8.52479e-05 -0.000515221  0.000192525 -0.000298704  -0.00120742     0.676964   0.00369609     0.169038      2.30017     -1.11348     0.627936 -0.000205958  0.000189938 -0.000234782 -0.000432443   0.00136374  0.000892092    -0.461813     -37.0774     -17.4499      11.0071     0.902021      1.26912   -0.0545474 -8.88178e-16     -37.0989     -17.3196      10.9059      1.07719      1.32912    0.0172919
    0.806363      1.05805      -0.9112     -1.73644      0.11897      2.59198      1.05554   5.5487e-05   0.00118663  5.36286e-05 -0.000152247 -4.45497e-05 -7.26385e-05  0.000970583     0.676963   0.00369565     0.169035      2.30016     -1.11348     0.627934 -0.000194065 -0.000136009 -0.000628786 -0.000708117  0.000439242 -0.000785773    -0.434042      -37.125     -17.4499      11.0071     0.902021      1.26912   -0.0994083  1.85962e-15     -37.0989     -17.3196      10.9058      1.07719      1.32912    0.0172921
    0.806361      1.05805    -0.911202     -1.73645     0.118969      2.59198      1.05554   0.00017641  0.000472438 -0.000421085  -0.00111549 -0.000360171  0.000310962 -0.000161872     0.676964    0.0036937     0.169038      2.30017     -1.11348     0.627939 -0.000327941 -0.000467351 -0.000323707  -0.00103251  0.000863405 -0.000257455    -0.434042     -37.1012     -17.4261      11.0348     0.913923       1.2563   -0.0737735  1.11022e-15     -37.0988     -17.3196      10.9059      1.07719      1.32912    0.0172918
    0.806359      1.05805    -0.911202     -1.73644      0.11897      2.59197      1.05554 -0.000349577  0.000700311  -0.00140126 -0.000611112 -0.000361725 -0.000451574  0.000221938     0.676964   0.00369275     0.169038      2.30016     -1.11349     0.627934 -0.000160637  -0.00115838  6.06674e-05  -0.00169708    0.0003981  -0.00169561    -0.410238     -37.1012     -17.4261      11.0071     0.913923      1.27552   -0.0801822  5.27356e-16     -37.0989     -17.3196      10.9059      1.07719      1.32912    0.0172919
     0.80636      1.05805    -0.911198     -1.73645      0.11897      2.59198      1.05554 -2.09139e-05 -8.29065e-05  0.000964584  -0.00103527 -0.000179512 -6.03242e-05 -0.000750085     0.676963   0.00369372     0.169036      2.30017     -1.11348      0.62793 -0.000417387  5.90824e-05 -0.000653727  0.000198245   0.00186326  0.000384662    -0.410238     -37.0774     -17.4737      11.0348      0.90843      1.26271   -0.0609561 -2.01228e-15     -37.0989     -17.3195      10.9059      1.07719      1.32912    0.0172921
    0.806358      1.05805    -0.911198     -1.73644      0.11897      2.59198      1.05554 -0.000619043  0.000366008   0.00039761  0.000503648 -0.000156468 -0.000106394 -0.000342631     0.676964   0.00369387     0.169037      2.30017     -1.11348     0.627934  6.50246e-05 -0.000126078 -0.000215987 -0.000113607  0.000508531  0.000212633    -0.386434     -37.1012     -17.4737      10.9833      0.90843      1.26271   -0.0737735   1.8735e-15     -37.0989     -17.3195      10.9059      1.07719      1.32912    0.0172919
    0.806361      1.05805    -0.911202     -1.73644      0.11897      2.59198      1.05554 -0.000769389   0.00021949 -0.000288668 -0.000741499  5.98629e-05  4.09044e-05 -0.000110964     0.676965   0.00369456     0.169039      2.30017     -1.11348     0.627939 -0.000217253 -0.000920118 -0.000175995 -0.000438386  0.000503639  -0.00134693    -0.386434     -37.0774     -17.4261      11.0071      0.90843      1.26271   -0.0737735  2.80331e-15     -37.0989     -17.3196      10.9059      1.07719      1.32912    0.0172917
    0.806358      1.05805    -0.911204     -1.73644      0.11897      2.59197      1.05554 -0.000472982 -0.000359028  -0.00109794  0.000803533  6.31855e-05 -0.000622371 -0.000795629     0.676965   0.00369233     0.169041      2.30016     -1.11349      0.62794  0.000351059 -0.000525772  0.000802528 -0.000421522 -0.000564995 -0.000283459    -0.386434     -37.0496     -17.3983      10.9594     0.902021      1.27552   -0.0609561 -2.77556e-16     -37.0989     -17.3196       10.906      1.07719      1.32912    0.0172916
    0.806359      1.05805      -0.9112     -1.73644     0.118971      2.59198      1.05554 -4.65055e-05 -0.000569644  0.000427879 -0.000112913  0.000153076  4.35574e-05  0.000619292     0.676964   0.00369395     0.169038      2.30017     -1.11349     0.627936 -1.08731e-05  0.000183088  6.21482e-05  0.000869619  -0.00052612  -0.00045405    -0.410238     -37.0496     -17.4499      11.0071     0.902021      1.26271   -0.0929996  4.91274e-15     -37.0989     -17.3195      10.9059      1.07719      1.32912    0.0172917
    0.806359      1.05805    -0.911202     -1.73644     0.118971      2.59198      1.05554  1.01696e-05  0.000252417 -0.000272245  0.000222458  0.000290357 -0.000208663  6.01817e-05     0.676964   0.00369344     0.169039      2.30016     -1.11349     0.627937  5.06514e-05 -8.46819e-05  4.35011e-05 -0.000120685 -0.000154929 -0.000325584    -0.410238     -37.1012     -17.4261      10.9833     0.896528      1.26912   -0.0737735  2.56739e-15     -37.0989     -17.3196      10.9059      1.07719      1.32912    0.0172918
    0.806356      1.05805    -0.911202     -1.73644     0.118971      2.59198      1.05554  -0.00101879 -0.000642917 -0.000176365  3.04824e-05  0.000556172  0.000100632  -0.00108975     0.676964   0.00369081     0.169039      2.30016     -1.11349     0.627935  0.000114487 -0.000680017  0.000400326  0.000542906 -0.000222038 -0.000523318    -0.358663     -37.0496     -17.4261      11.0071     0.891035      1.26271   -0.0545474  2.94209e-15     -37.0989     -17.3196      10.9059      1.07719      1.32912    0.0172918
    0.806358      1.05805      -0.9112     -1.73644     0.118971      2.59198      1.05554 -0.000112153  4.71638e-05  0.000285291  -0.00100701  0.000354039 -0.000113672   0.00103837     0.676963   0.00369221     0.169038      2.30016     -1.11349     0.627934  -0.00035563 -0.000313044 -0.000417323  0.000380628  0.000216636   -0.0017486    -0.386434     -37.0774     -17.4499      11.0586     0.896528      1.26271   -0.0994083  9.71445e-17     -37.0989     -17.3195      10.9059      1.07719      1.32912    0.0172917
    0.806357      1.05805      -0.9112     -1.73644      0.11897      2.59198      1.05554  -0.00127199 -0.000102295  0.000115274 -0.000197749  0.000189016 -5.93725e-05  0.000186834     0.676964   0.00369187     0.169038      2.30016     -1.11349     0.627935 -6.18612e-05 -0.000873408 -5.58669e-05  0.000264499  -9.7866e-06  -0.00164739    -0.358663     -37.0774     -17.4499      11.0071     0.902021      1.26271   -0.0801822  9.15934e-16     -37.0989     -17.3195      10.9059      1.07719      1.32912    0.0172917
    0.806359      1.05805    -0.911198     -1.73644     0.118969      2.59198      1.05554  5.24999e-06  -0.00125406  0.000687696  0.000349212 -0.000289479  4.88468e-05  0.000777156     0.676965   0.00369551      0.16904      2.30017     -1.11349     0.627938  0.000181917  0.000574427  0.000393459   0.00133444  -0.00107307  0.000194708    -0.410238     -37.0258     -17.4737      10.9833     0.913923      1.26271   -0.0994083  4.70457e-15     -37.0989     -17.3195       10.906      1.07719      1.32913    0.0172915
    0.806359      1.05805    -0.911201     -1.73644      0.11897      2.59198      1.05554  0.000420748  0.000399853 -0.000612497 -0.000469765  0.000173663 -0.000163181  0.000860157     0.676964   0.00369325     0.169038      2.30016     -1.11349     0.627936 -0.000142029 -0.000200099 -6.52877e-05 -0.000479585 -0.000257026  -0.00107158    -0.410238     -37.1012     -17.4261      11.0071     0.902021      1.26271   -0.0994083 -1.16573e-15     -37.0989     -17.3196      10.9059      1.07719      1.32912    0.0172918
     0.80636      1.05805    -0.911202     -1.73644     0.118971      2.59198      1.05554 -6.38221e-05 -0.000169872 -0.000364573 -0.000253582 -0.000168732  0.000289169 -0.000197215     0.676965   0.00369372      0.16904      2.30017     -1.11349     0.627942  4.71614e-06 -0.000242244   0.00018665  -0.00026532 -0.000196043    2.044e-05    -0.410238     -37.0496     -17.4261      11.0071      0.90843       1.2563   -0.0673648  1.48492e-15     -37.0989     -17.3195      10.9059      1.07719      1.32913    0.0172915
    0.806361      1.05805    -0.911202     -1.73644     0.118969      2.59198      1.05554  0.000514667  -0.00047044  2.53755e-05 -0.000495947 -0.000418184  5.69772e-05  -0.00107313     0.676964   0.00369404     0.169038      2.30017     -1.11348     0.627935 -0.000100127  0.000257468  7.73042e-05 -0.000203433  0.000836173   0.00129806    -0.434042     -37.0774     -17.4261      11.0071     0.913923      1.26271   -0.0481387 -6.52256e-16     -37.0989     -17.3196      10.9059      1.07719      1.32912     0.017292
     0.80636      1.05805      -0.9112     -1.73644      0.11897      2.59198      1.05554 -0.000317954  1.01731e-05   0.00025009 -0.000249198  0.000192467  0.000171962  0.000571779     0.676964   0.00369478     0.169038      2.30017     -1.11348     0.627938 -8.77015e-05 -0.000183147  -0.00016195  0.000348929 -0.000226714 -0.000812334    -0.386434     -37.1012     -17.4499      11.0071     0.902021       1.2563   -0.0865909  2.13718e-15     -37.0989     -17.3196      10.9059      1.07719      1.32912    0.0172917
    0.806363      1.05805      -0.9112     -1.73644      0.11897      2.59198      1.05554   0.00123599  0.000903613  0.000139785  9.14556e-05 -0.000308074  8.40432e-05 -0.000593605     0.676963   0.00369589     0.169037      2.30017     -1.11348     0.627934 -8.65818e-05  0.000831716 -0.000457796 -0.000859808   0.00108235   0.00206298    -0.461813      -37.125     -17.4499      11.0071      0.90843      1.26271   -0.0609561 -2.77556e-16     -37.0989     -17.3196      10.9059      1.07719      1.32912    0.0172921
    0.806362      1.05805      -0.9112     -1.73644      0.11897      2.59198      1.05554  0.000982613 -0.000314858  9.36466e-05  0.000368466  0.000123436  0.000266854 -0.000225488     0.676964   0.00369611     0.169039      2.30017     -1.11348     0.627939  0.000160007  0.000885453  0.000229434  0.000412042 -0.000536959   0.00154995    -0.434042     -37.0774     -17.4499      10.9833     0.902021       1.2563   -0.0737735 -3.88578e-16     -37.0989     -17.3195      10.9059      1.07719      1.32912    0.0172917
    0.806358      1.05805    -0.911198     -1.73645     0.118969      2.59198      1.05554 -0.000942876  -0.00061141  0.000262279  -0.00126009 -0.000459641 -0.000246237   0.00154464     0.676963   0.00369282     0.169037      2.30016     -1.11349     0.627932 -0.000366735 -0.000890924 -0.000185165  0.000335877  6.34759e-05  -0.00274278    -0.358663     -37.0774     -17.4737      11.0348     0.913923      1.26912    -0.105817 -3.88578e-16     -37.0989     -17.3195      10.9059      1.07719      1.32912    0.0172918
    0.806359      1.05805    -0.911198     -1.73644      0.11897      2.59198      1.05554 -0.000249556  4.86494e-07  0.000309716  0.000538878 -1.39315e-05 -0.000308786 -0.000796861     0.676964   0.00369565     0.169038      2.30017     -1.11348     0.627937  0.000107565  0.000124314  -1.0879e-05  9.74198e-05  0.000549084   0.00069576    -0.410238     -37.0774     -17.4499      10.9833     0.902021      1.26912   -0.0481387  1.48492e-15     -37.0989     -17.3195      10.9059      1.07719      1.32913    0.0172917
    0.806363      1.05805    -0.911204     -1.73644      0.11897      2.59198      1.05554    0.0012021  0.000562492 -0.000961674  9.18639e-05 -2.08147e-06  0.000395863  0.000725536     0.676965   0.00369516      0.16904      2.30017     -1.11348     0.627943   9.6093e-05  0.000393108  0.000197248 -0.000803492  -0.00102941   0.00049111    -0.461813     -37.0774     -17.3983      10.9833     0.902021      1.24989   -0.0929996  2.81719e-15     -37.0989     -17.3196      10.9059      1.07719      1.32912    0.0172917
    0.806361      1.05805    -0.911198     -1.73644     0.118969      2.59198      1.05554  0.000142587  -0.00109945  0.000596727  0.000225663 -0.000327585  0.000179145 -0.000523332     0.676964   0.00369699     0.169039      2.30017     -1.11348     0.627937  0.000146697  0.000578254  0.000335567  0.000893048 -0.000218882   0.00130474    -0.434042     -37.0258     -17.4737      10.9833     0.913923       1.2563   -0.0609561  2.20657e-15     -37.0989     -17.3195       10.906      1.07719      1.32913    0.0172917
    0.806358      1.05805      -0.9112     -1.73644     0.118971      2.59198      1.05554 -0.000716039  0.000858524  0.000755522  0.000691463   0.00039557 -0.000143942  0.000351889     0.676964   0.00369275     0.169037      2.30016     -1.11349     0.627934  2.75792e-05 -4.30612e-05 -0.000545484  0.000272933  0.000306455  -0.00047082    -0.386434     -37.1012     -17.4499      10.9833     0.891035      1.26271   -0.0865909  2.84495e-15     -37.0989     -17.3196      10.9059      1.07719      1.32912    0.0172919
    0.806358      1.05805    -0.911198     -1.73644     0.118972      2.59198      1.05554 -0.000243086 -0.000229359   0.00106879 -0.000288155 -0.000377791  0.000268954  0.000478372     0.676964   0.00369347     0.169038      2.30017     -1.11349     0.627935 -0.000151107  0.000251076 -0.000405785  0.000618931   0.00037779  0.000117132    -0.386434     -37.0774     -17.4737      11.0071     0.913923       1.2563   -0.0865909  4.59355e-15     -37.0989     -17.3195      10.9059      1.07719      1.32913    0.0172916
    0.806358      1.05805    -0.911201     -1.73644      0.11897      2.59198      1.05554 -6.64512e-05 -0.000233882 -0.000547387 -0.000675898 -0.000141141  0.000378182 -9.44839e-05     0.676964   0.00369217     0.169038      2.30016     -1.11349     0.627935 -9.14381e-05 -0.000452038  0.000188244 -0.000357773 -0.000201342 -0.000401468    -0.386434     -37.1012     -17.4261      11.0071      0.90843       1.2563   -0.0737735  6.38378e-16     -37.0989     -17.3196      10.9059      1.07719      1.32912    0.0172919
    0.806359      1.05805    -0.911204     -1.73644      0.11897      2.59198      1.05554  0.000592963  0.000237334 -0.000743012 -0.000227566 -0.000444019   0.00039339   0.00108144     0.676964   0.00369192     0.169038      2.30016     -1.11349     0.627939  1.26063e-05  1.16274e-05  0.000166675 -0.000722592 -0.000919693 -0.000236433    -0.410238     -37.1012     -17.3983      11.0071     0.913923       1.2563    -0.105817  3.46945e-16     -37.0989     -17.3196      10.9058      1.07719      1.32912    0.0172918
    0.806356      1.05805    -0.911202     -1.73644      0.11897      2.59198      1.05554 -0.000811422   0.00103191  9.84416e-05   0.00028991 -8.04059e-05  0.000583644  -0.00103859     0.676964   0.00369064     0.169037      2.30016     -1.11348     0.627934  1.67312e-05 -0.000486567  -0.00040643  -0.00082911  0.000799021  0.000652645    -0.358663      -37.125     -17.4261      10.9833      0.90843      1.24989   -0.0481387  5.56499e-15     -37.0989     -17.3196      10.9058      1.07719      1.32912    0.0172921
    0.806358      1.05805    -0.911202     -1.73644      0.11897      2.59198      1.05554 -0.000779236 -0.000275179  0.000486755  3.52401e-05  -2.9144e-05  0.000138032 -0.000753844     0.676964   0.00369225     0.169039      2.30016     -1.11349     0.627937  6.09738e-06 -0.000262611 -5.68121e-05  0.000352125  0.000461884  0.000166925    -0.358663     -37.0496     -17.4261      11.0071      0.90843      1.26271   -0.0545474  1.13798e-15     -37.0989     -17.3196      10.9059      1.07719      1.32912    0.0172918
    0.806362      1.05805      -0.9112     -1.73644     0.118971      2.59198      1.05554  0.000545048  0.000413707 -0.000317193   0.00174778  6.02862e-05 -0.000138794   0.00058109     0.676965   0.00369699     0.169039      2.30017     -1.11348     0.627941  0.000512377  0.000763866  0.000397844 -5.06651e-05   -0.0014209   0.00102282    -0.410238     -37.1012     -17.4261      10.9317     0.896528      1.26271   -0.0865909  4.28824e-15      -37.099     -17.3195      10.9059      1.07719      1.32912    0.0172916
    0.806359      1.05805    -0.911198     -1.73644      0.11897      2.59198      1.05554  0.000312201 -0.000665363  0.000970356 -7.89523e-05 -8.81918e-05  0.000272408 -0.000350574     0.676964   0.00369544     0.169039      2.30017     -1.11348     0.627936 -2.78972e-05  0.000702988 -9.87833e-05  0.000951971   0.00025041   0.00122948    -0.410238     -37.0496     -17.4737      10.9833     0.902021       1.2563   -0.0609561  2.40086e-15     -37.0989     -17.3195       10.906      1.07719      1.32913    0.0172917
    0.806356      1.05805      -0.9112     -1.73644     0.118971      2.59198      1.05554  -0.00110237   0.00148421  0.000439776  -0.00013874 -1.81916e-05  0.000166183  0.000778111     0.676963   0.00369092     0.169037      2.30016     -1.11349     0.627933 -0.000238712 -0.000766799 -0.000910288 -0.000684694  0.000802825  -0.00146139    -0.358663      -37.125     -17.4499      11.0071     0.902021      1.26271   -0.0929996 -8.32667e-17     -37.0989     -17.3196      10.9059      1.07719      1.32912    0.0172919
    0.806358      1.05805    -0.911198     -1.73644      0.11897      2.59198      1.05554 -0.000623218 -0.000834487  8.38652e-05    0.0003194  5.44155e-05  0.000900621  0.000765824     0.676964   0.00369441     0.169038      2.30017     -1.11349     0.627939  0.000266787  -0.00011315    0.0005131  0.000964024  -0.00193465 -0.000408391    -0.386434     -37.0496     -17.4499      10.9833     0.902021      1.26912   -0.0929996  4.57967e-15     -37.0989     -17.3195      10.9059      1.07719      1.32913    0.0172915
    0.806359      1.05805    -0.911204     -1.73645     0.118969      2.59198      1.05554 -0.000160909 -0.000807968   -0.0019002   0.00542864 -0.000471416  -0.00025977  7.76519e-05     0.676964   0.00369161     0.169041      2.30016     -1.11349     0.627939   0.00194592  0.000993232   0.00261461  5.82228e-05  -0.00522231   0.00270667    -0.410238     -37.0496     -17.3745      11.0348     0.913923      1.26912   -0.0801822  3.19189e-15     -37.0988     -17.3196      10.9059      1.07719      1.32912    0.0172917
    0.806361      1.05805    -0.911202     -1.73644     0.118969      2.59198      1.05554 -2.71189e-05   0.00049148 -0.000714014  0.000335154 -0.000339581  0.000245155  0.000901895     0.676964   0.00369418     0.169038      2.30016     -1.11348     0.627938  0.000143998 -0.000247704  0.000175323 -0.000766754 -0.000942361 -0.000475095    -0.434042     -37.1012     -17.3983      11.0071     0.913923       1.2563   -0.0994083  1.54043e-15     -37.0989     -17.3196      10.9059      1.07719      1.32912    0.0172918
    0.806367      1.05805    -0.911201     -1.73644     0.118973      2.59198      1.05554   0.00092168 -6.70651e-05 -0.000376791  0.000270097 -7.38986e-05  0.000467055  -0.00105091     0.676964   0.00369866     0.169037      2.30017     -1.11347     0.627938  0.000168474  0.000596506  0.000298527 -0.000334026 -0.000152455   0.00207022    -0.485616     -37.1012     -17.4261      10.9833      0.90843       1.2563   -0.0481387  3.23352e-15     -37.0989     -17.3196      10.9059      1.07719      1.32912    0.0172919
    0.806362      1.05804    -0.911202     -1.73644      0.11897      2.59198      1.05554  4.50833e-05  -0.00094494 -0.000663263  0.000159468  0.000150265  0.000473068 -0.000576729     0.676966   0.00369675     0.169042      2.30017     -1.11348     0.627945  0.000268105 -5.67949e-05   0.00080708  0.000345166  -0.00125519  0.000481272    -0.434042     -37.0258     -17.4261      10.9833     0.902021      1.24989   -0.0609561   -2.498e-16     -37.0989     -17.3195       10.906      1.07719      1.32913    0.0172914
    0.806362      1.05805    -0.911204     -1.73644      0.11897      2.59198      1.05554 -3.79175e-05  0.000525159 -0.000580139   0.00030728 -0.000370387  0.000333727  0.000899145     0.676965   0.00369451     0.169039      2.30016     -1.11348     0.627941  0.000125345 -0.000203743  0.000101705 -0.000728564 -0.000868172 -0.000362188    -0.410238     -37.1012     -17.3983      10.9833      0.90843       1.2563   -0.0929996  8.18789e-16     -37.0989     -17.3196      10.9059      1.07719      1.32912    0.0172918
    0.806361      1.05805    -0.911198     -1.73644      0.11897      2.59198      1.05554 -0.000708702  -0.00059185   0.00117892   0.00028477  8.44835e-05  0.000239293 -0.000227289     0.676965   0.00369625     0.169039      2.30017     -1.11348     0.627939  5.54297e-05  0.000211217 -0.000124729    0.0012232  5.17704e-05  0.000340908    -0.386434     -37.0496     -17.4737      10.9833     0.902021       1.2563   -0.0737735  2.16493e-15     -37.0989     -17.3195       10.906      1.07719      1.32913    0.0172916
    0.806361      1.05805    -0.911201     -1.73644     0.118969      2.59197      1.05555  0.000699348  -2.4823e-05 -5.57096e-05  8.89756e-05  -0.00027886 -0.000389905  0.000392139     0.676964   0.00369468     0.169037      2.30016     -1.11349     0.627937 -1.41513e-06  0.000457776  2.58022e-05 -0.000148308  6.20461e-05  0.000354027    -0.434042     -37.1012     -17.4261      10.9833     0.913923      1.27552   -0.0865909 -2.34535e-15     -37.0989     -17.3196      10.9059      1.07719      1.32912    0.0172919
    0.806356      1.05805      -0.9112     -1.73644     0.118971      2.59198      1.05554 -0.000420043  0.000696016  0.000437456   0.00103043  7.33931e-05  0.000185135  0.000664997     0.676964   0.00369182     0.169037      2.30016     -1.11349     0.627935  0.000211692  0.000183248 -0.000222022  0.000128259 -0.000551361  6.79853e-05    -0.358663      -37.125     -17.4499      10.9833     0.896528       1.2563   -0.0929996  2.88658e-15     -37.0989     -17.3196      10.9059      1.07719      1.32912    0.0172918
     0.80636      1.05805    -0.911198     -1.73644      0.11897      2.59198      1.05554    0.0001903   0.00097299  0.000945026  0.000170776 -5.85334e-05  0.000138911 -0.000856818     0.676964   0.00369497     0.169035      2.30017     -1.11347     0.627933 -0.000145299  0.000489905 -0.000803039 -0.000287305   0.00159396   0.00155191    -0.386434      -37.125     -17.4737      11.0071      0.90843       1.2563   -0.0481387  5.38458e-15     -37.0989     -17.3196      10.9058      1.07719      1.32912    0.0172922
    0.806354      1.05805      -0.9112     -1.73645     0.118971      2.59198      1.05554  -0.00115366 -0.000137622  0.000789587  -0.00113294   9.2858e-05 -8.30107e-05 -0.000566767     0.676962   0.00368859     0.169036      2.30016     -1.11349     0.627928 -0.000420382 -0.000815425 -0.000578417  0.000329006   0.00157167  -0.00122156    -0.334859     -37.1012     -17.4499      11.0586     0.902021      1.26271   -0.0609561 -5.82867e-16     -37.0988     -17.3196      10.9058      1.07719      1.32912     0.017292
    0.806359      1.05805    -0.911205     -1.73645      0.11897      2.59198      1.05554  3.08384e-05  0.000347095  -0.00170408 -0.000631754 -0.000247734  0.000404686   0.00139007     0.676964    0.0036907     0.169039      2.30016     -1.11349     0.627939 -2.05363e-05 -0.000934988  0.000416968  -0.00126282  -0.00144664  -0.00189687    -0.410238     -37.1012     -17.3745      11.0348      0.90843       1.2563    -0.112226 -1.09635e-15     -37.0988     -17.3196      10.9058      1.07719      1.32912    0.0172918
    0.806359      1.05805    -0.911196     -1.73644      0.11897      2.59198      1.05554  0.000387443  0.000816531  0.000521188  0.000358183  9.52723e-05  1.06115e-05  1.07928e-05     0.676963   0.00369551     0.169035      2.30017     -1.11348     0.627932 -3.69738e-05  0.000510922 -0.000507551 -0.000146108  0.000585145  0.000830376    -0.410238     -37.1012     -17.4737      10.9833     0.902021      1.26271   -0.0801822   1.4988e-15      -37.099     -17.3195      10.9059      1.07719      1.32912     0.017292
    0.806358      1.05805    -0.911202     -1.73644     0.118971      2.59198      1.05554 -0.000602371  0.000879072 -0.000336314  -0.00061558  0.000183334 -0.000203084 -0.000850268     0.676964   0.00369177     0.169038      2.30016     -1.11349     0.627933 -0.000270207 -0.000882846   -0.0004501 -0.000996002   0.00143079 -0.000780591    -0.386434     -37.1012     -17.4261      11.0071     0.896528      1.26912   -0.0481387  3.96905e-15     -37.0989     -17.3196      10.9059      1.07719      1.32912     0.017292
    0.806361      1.05805    -0.911198     -1.73644      0.11897      2.59198      1.05554  0.000359404  3.32928e-05      0.00103 -0.000339025   -0.0001104  0.000128899  -0.00033987     0.676964   0.00369584     0.169038      2.30017     -1.11348     0.627935 -0.000206754  0.000579649 -0.000534243  0.000413077   0.00106745   0.00104076    -0.434042     -37.0774     -17.4737      11.0071      0.90843      1.26271   -0.0737735  2.26208e-15     -37.0989     -17.3195      10.9059      1.07719      1.32912    0.0172918
    0.806363      1.05805      -0.9112     -1.73644     0.118971      2.59198      1.05554  0.000733509  0.000273651  0.000502042  0.000123585  0.000384209 -0.000324566  0.000279316     0.676963   0.00369579     0.169036      2.30017     -1.11348     0.627934 -7.63554e-05  0.000692778 -0.000328704  0.000406748  0.000329927  0.000410812    -0.461813     -37.1012     -17.4499      11.0071     0.896528      1.26912   -0.0737735  1.79023e-15     -37.0989     -17.3196      10.9058      1.07719      1.32912     0.017292
    0.806363      1.05805    -0.911196     -1.73644     0.118973      2.59198      1.05554  0.000198437  0.000378358   0.00076869  3.04038e-05 -9.14293e-05 -0.000226274   -0.0010491     0.676963   0.00369784     0.169035      2.30017     -1.11348      0.62793 -0.000135134  0.000415777 -0.000514204 -7.80014e-05   0.00158261   0.00131163    -0.434042     -37.1012     -17.4737      11.0071     0.902021      1.26271   -0.0545474 -1.09635e-15     -37.0989     -17.3195      10.9059      1.07719      1.32913     0.017292
    0.806362      1.05805    -0.911202     -1.73644     0.118971      2.59198      1.05554  0.000107573 -0.000346457 -0.000171567  0.000744556  0.000207741  0.000100857  0.000619142     0.676965   0.00369577      0.16904      2.30017     -1.11349     0.627942  0.000296347  0.000296341  0.000445722  0.000537666  -0.00141955 -1.86099e-07    -0.410238     -37.0774     -17.4261      10.9833     0.902021      1.26271   -0.0929996  2.05391e-15     -37.0989     -17.3196      10.9059      1.07719      1.32912    0.0172915
    0.806363      1.05805      -0.9112     -1.73644     0.118971      2.59198      1.05554   0.00105324  0.000122608  0.000254907  -6.9164e-05  1.69985e-05  2.01632e-05 -0.000150083     0.676964   0.00369619     0.169038      2.30017     -1.11348     0.627935 -6.41211e-05  0.000786183 -0.000182519  3.87075e-05  0.000363558   0.00124815    -0.461813     -37.0774     -17.4499      11.0071     0.902021      1.26912   -0.0737735  6.68909e-15     -37.0989     -17.3195      10.9059      1.07719      1.32912    0.0172918
    0.806361      1.05805    -0.911196     -1.73644     0.118972      2.59198      1.05554   0.00115263  0.000178678   0.00103936  3.24645e-05  9.59233e-05  0.000167814 -1.62897e-05     0.676964   0.00369691     0.169037      2.30017     -1.11348     0.627937  -0.00010855   0.00122907 -0.000501662   0.00057924  0.000594819   0.00174592    -0.434042     -37.0774     -17.4737      11.0071     0.896528       1.2563   -0.0801822  4.35763e-15     -37.0989     -17.3195      10.9059      1.07719      1.32913    0.0172916
     0.80636      1.05805    -0.911199     -1.73644     0.118973      2.59198      1.05554  0.000173909 -0.000228159 -0.000790305  0.000786346 -3.59299e-05  0.000239992  0.000552409     0.676964    0.0036956     0.169038      2.30017     -1.11349     0.627938  0.000372442  8.85771e-05  0.000670954 -7.66658e-05  -0.00171717  7.91566e-05    -0.410238     -37.0774     -17.4261      10.9594     0.902021      1.26271   -0.0929996  1.65146e-15     -37.0989     -17.3196      10.9059      1.07719      1.32913    0.0172916
    0.806358      1.05805      -0.9112     -1.73644     0.118973      2.59197      1.05554  -0.00033764  0.000979613  0.000409017 -0.000176107  0.000323065 -0.000466806 -0.000260206     0.676963   0.00369216     0.169037      2.30016     -1.11349     0.627931 -0.000248088 -0.000267053 -0.000713937 -0.000363541   0.00143848 -0.000552453    -0.386434      -37.125     -17.4499      11.0071     0.902021      1.27552   -0.0609561  5.14866e-15     -37.0989     -17.3196      10.9059      1.07719      1.32912    0.0172919
    0.806358      1.05805    -0.911202     -1.73644     0.118973      2.59198      1.05554 -0.000341617  0.000473615 -0.000381456  0.000335438 -5.46723e-05  6.68641e-05 -0.000505483     0.676964   0.00369193     0.169039      2.30016     -1.11349     0.627936  9.70596e-05 -0.000332417  3.27483e-05 -0.000637289   0.00013529  0.000165273    -0.386434     -37.0774     -17.4261      11.0071     0.902021      1.26271   -0.0673648  2.98372e-15     -37.0989     -17.3196      10.9059      1.07719      1.32913    0.0172916
     0.80636      1.05806    -0.911202     -1.73644      0.11897      2.59198      1.05554  0.000542514   0.00149305  0.000135084  0.000898886  2.37472e-05  7.09816e-05  0.000196335     0.676964   0.00369349     0.169036      2.30016     -1.11348     0.627935  9.85621e-05  0.000557988 -0.000514142 -0.000781607  0.000300094   0.00110813    -0.410238     -37.1488     -17.4261      10.9833     0.902021      1.26271   -0.0801822  3.48332e-15     -37.0989     -17.3196      10.9058      1.07719      1.32912    0.0172921
    0.806358      1.05805    -0.911201     -1.73644     0.118971      2.59198      1.05554  -0.00020489  0.000633935  8.19619e-05 -4.21073e-05  0.000151609 -0.000421259 -0.000602371     0.676964   0.00369218     0.169038      2.30016     -1.11349     0.627933 -0.000129859 -0.000225992  -0.00037521 -0.000461575    0.0011486 -9.25724e-05    -0.386434     -37.1012     -17.4261      11.0071     0.896528      1.26912   -0.0545474 -8.74301e-16     -37.0989     -17.3196      10.9059      1.07719      1.32912    0.0172919
     0.80636      1.05805    -0.911201     -1.73644     0.118971      2.59198      1.05554   0.00015362 -0.000250057 -0.000205258  -0.00026676  0.000476382  0.000235589  0.000645146     0.676964   0.00369355     0.169039      2.30017     -1.11349     0.627938 -1.14502e-05 -3.47723e-05  0.000157177  0.000467851 -0.000896633 -0.000764423    -0.410238     -37.0774     -17.4261      11.0071     0.891035       1.2563   -0.0929996  3.59435e-15     -37.0989     -17.3196      10.9059      1.07719      1.32912    0.0172916
    0.806354      1.05805      -0.9112     -1.73644      0.11897      2.59198      1.05554  -0.00167857  0.000843018  0.000419969 -0.000747268   5.1319e-05 -0.000384929  -0.00134744     0.676963   0.00368978     0.169036      2.30016     -1.11348     0.627929 -0.000398541  -0.00133725 -0.000804293 -0.000732266   0.00247636  -0.00123118    -0.334859     -37.1012     -17.4499      11.0071     0.902021      1.26912     -0.04173   -6.245e-16     -37.0989     -17.3196      10.9058      1.07719      1.32912    0.0172922
     0.80636      1.05805    -0.911202     -1.73644      0.11897      2.59198      1.05554 -3.40785e-05 -0.000726877 -0.000132587 -0.000199949 -0.000364886  0.000355109  4.78543e-05     0.676964   0.00369325     0.169039      2.30016     -1.11349     0.627938  6.55654e-05 -3.03031e-05  0.000367904  0.000205688 -0.000590671  0.000174347    -0.410238     -37.0496     -17.4261      11.0071      0.90843       1.2563   -0.0865909  3.67761e-15     -37.0989     -17.3196      10.9059      1.07719      1.32912    0.0172918
    0.806365      1.05805      -0.9112     -1.73644     0.118969      2.59198      1.05554   0.00135944   0.00036079  0.000463762  0.000377293 -0.000452926  6.23414e-05  0.000617917     0.676965   0.00369887     0.169038      2.30017     -1.11348     0.627941  2.67519e-05   0.00121645 -0.000266067 -9.86476e-05  4.18781e-05   0.00168827    -0.461813     -37.1012     -17.4499      10.9594     0.913923      1.26271   -0.0865909   -1.249e-16     -37.0989     -17.3195      10.9059      1.07719      1.32912    0.0172917
     0.80636      1.05805    -0.911204     -1.73644     0.118972      2.59198      1.05554  -0.00100927   0.00103683 -0.000956947  0.000196532  0.000128863  0.000353303 -0.000468307     0.676965   0.00369316     0.169039      2.30016     -1.11349      0.62794  7.87383e-05  -0.00112763 -1.89051e-06  -0.00126066 -6.01789e-05 -0.000837942    -0.386434     -37.1012     -17.3983      10.9833     0.902021       1.2563   -0.0673648  1.11022e-16     -37.0989     -17.3196      10.9059      1.07719      1.32912    0.0172917
    0.806358      1.05805      -0.9112     -1.73645      0.11897      2.59198      1.05554  -0.00059423  0.000139868  0.000245993  -0.00059885 -0.000174057 -4.51605e-05   0.00048489     0.676963   0.00369181     0.169037      2.30016     -1.11349     0.627932 -0.000228892 -0.000516317 -0.000336163 -8.78087e-05  0.000483763   -0.0011804    -0.386434     -37.0774     -17.4499      11.0348      0.90843      1.26271   -0.0929996  3.85803e-15     -37.0989     -17.3196      10.9059      1.07719      1.32912    0.0172919
    0.806359      1.05805      -0.9112     -1.73644     0.118969      2.59198      1.05554  -0.00016117 -0.000359391  0.000588872  0.000415062 -0.000527611   0.00021124 -0.000477283     0.676964   0.00369438     0.169038      2.30017     -1.11348     0.627936  0.000125716  0.000351077  4.09442e-05  0.000264685  0.000187967   0.00123424    -0.410238     -37.0496     -17.4499      10.9833     0.913923      1.26271   -0.0545474  1.40166e-15     -37.0989     -17.3195      10.9059      1.07719      1.32912    0.0172919
    0.806363      1.05805    -0.911199     -1.73644      0.11897      2.59198      1.05554  0.000743638  0.000710186 -0.000285097  0.000135677  3.10313e-05  3.03379e-05 -0.000543555     0.676964   0.00369693     0.169037      2.30017     -1.11348     0.627936 -8.74861e-06  0.000344213 -0.000174831  -0.00073758  0.000514902   0.00111408    -0.434042      -37.125     -17.4261      10.9833     0.902021      1.26271   -0.0609561 -1.13798e-15     -37.0989     -17.3196      10.9059      1.07719      1.32912     0.017292
    0.806358      1.05805    -0.911198     -1.73644      0.11897      2.59198      1.05554  -0.00035141  0.000130762 -0.000106737 -0.000329901 -0.000297216  -0.00019389  0.000857345     0.676964    0.0036936     0.169037      2.30017     -1.11349     0.627933 -0.000121983 -0.000421012 -0.000123323 -0.000273888  3.71602e-06  -0.00123062    -0.386434     -37.0774     -17.4499      11.0071      0.90843      1.26912   -0.0929996   1.3739e-15     -37.0989     -17.3195      10.9059      1.07719      1.32912    0.0172918
     0.80636      1.05805      -0.9112     -1.73644     0.118971      2.59198      1.05554  0.000384549   0.00046434 -0.000432984  0.000247692  0.000204305 -7.50415e-05 -0.000354176     0.676964     0.003694     0.169036      2.30017     -1.11348     0.627932  6.15777e-05  9.40754e-05  2.76925e-05 -0.000488345  6.26259e-05  0.000442117    -0.410238      -37.125     -17.4261      10.9833     0.896528      1.26912   -0.0545474  1.41553e-15     -37.0989     -17.3196      10.9058      1.07719      1.32912    0.0172921
     0.80636      1.05805    -0.911201     -1.73644     0.118971      2.59198      1.05554  0.000290068  -0.00102015 -0.000678877 -0.000162553 -0.000214366 -4.57149e-05  0.000323131     0.676964   0.00369366      0.16904      2.30017     -1.11349     0.627938  0.000131284 -3.07581e-05  0.000718565  0.000210809  -0.00109061  -0.00030132    -0.410238     -37.0496     -17.3983      11.0071      0.90843      1.26271   -0.0865909  1.52656e-15     -37.0989     -17.3195      10.9059      1.07719      1.32913    0.0172916
    0.806359      1.05805    -0.911199     -1.73644      0.11897      2.59198      1.05554 -6.88134e-05 -0.000677998  0.000488867 -0.000443731   7.6472e-05  0.000257368  0.000670373     0.676964    0.0036944     0.169039      2.30017     -1.11349     0.627937 -8.83429e-05  0.000112017  1.42051e-05  0.000903839 -0.000492269 -0.000530685    -0.410238     -37.0496     -17.4499      11.0071     0.902021       1.2563   -0.0865909  3.21965e-15     -37.0989     -17.3195      10.9059      1.07719      1.32913    0.0172916
    0.806362      1.05805      -0.9112     -1.73644      0.11897      2.59198      1.05554  5.17495e-05 -0.000552817 -0.000309462 -0.000141191 -1.76979e-05 -0.000144575 -0.000831908     0.676964   0.00369608     0.169038      2.30017     -1.11348     0.627936  3.85411e-05 -9.11364e-05  0.000342417  1.03266e-05  0.000152817  0.000358709    -0.410238     -37.0496     -17.4261      11.0071      0.90843      1.26912   -0.0545474  2.88658e-15     -37.0989     -17.3195      10.9059      1.07719      1.32912    0.0172919
    0.806359      1.05805    -0.911202     -1.73644      0.11897      2.59198      1.05554  -0.00011885  0.000435253 -0.000159061 -0.000318436  9.09459e-05 -8.64625e-05  0.000878742     0.676964   0.00369327     0.169039      2.30016     -1.11349     0.627941 -0.000138201 -0.000316041 -0.000228589 -0.000250521 -8.85836e-05  -0.00119966    -0.410238     -37.0774     -17.4261      11.0071     0.902021      1.26271   -0.0994083  1.88738e-15     -37.0989     -17.3196      10.9059      1.07719      1.32912    0.0172916
    0.806358      1.05805    -0.911202     -1.73644      0.11897      2.59198      1.05554  0.000142255  0.000407314 -0.000166325  0.000542464  -0.00029934  0.000182088 -0.000718243     0.676965   0.00369316     0.169039      2.30017     -1.11348     0.627939  0.000154013  0.000177898  3.42115e-05 -0.000616324  0.000226726   0.00128226    -0.386434     -37.0774     -17.4261      10.9833      0.90843       1.2563   -0.0545474  3.19189e-16     -37.0989     -17.3196      10.9059      1.07719      1.32912    0.0172918
    0.806363      1.05805      -0.9112     -1.73644      0.11897      2.59198      1.05554   0.00164457  0.000796566  0.000436981  0.000504172  -3.7437e-05  0.000125244 -0.000205268     0.676964    0.0036968     0.169038      2.30017     -1.11348     0.627938  2.45403e-05   0.00138786 -0.000416173 -0.000275578  0.000517783   0.00246587    -0.461813     -37.1012     -17.4499      10.9833     0.902021       1.2563   -0.0737735  2.13718e-15     -37.0989     -17.3195      10.9059      1.07719      1.32912    0.0172918
    0.806362      1.05805    -0.911202     -1.73644      0.11897      2.59198      1.05554  0.000230635  0.000278202 -0.000534901  -8.6619e-05  -0.00020015  4.18584e-05  0.000626986     0.676964   0.00369483     0.169038      2.30017     -1.11348     0.627938  3.07362e-07 -0.000130624  7.30267e-05 -0.000553238 -0.000415201  -0.00042348    -0.410238     -37.0774     -17.4261      10.9833      0.90843      1.26271   -0.0865909  3.88578e-15     -37.0989     -17.3196      10.9059      1.07719      1.32912    0.0172918
    0.806361      1.05805    -0.911203     -1.73644      0.11897      2.59198      1.05554  0.000353991  0.000708532  -0.00122185 -2.52051e-06  5.24264e-05    2.564e-05  -0.00101235     0.676964    0.0036931     0.169038      2.30016     -1.11348     0.627935  4.80826e-05 -0.000370544  0.000185583  -0.00139778   0.00030499  0.000512863    -0.434042     -37.1012     -17.3745      11.0071     0.902021      1.26271   -0.0481387  1.01308e-15     -37.0989     -17.3196      10.9058      1.07719      1.32912    0.0172921
    0.806356      1.05805    -0.911205     -1.73644     0.118971      2.59198      1.05554  -0.00137658 -0.000208886  -0.00179718  0.000304176  0.000116063  0.000266902   0.00030986     0.676965   0.00368943      0.16904      2.30016     -1.11349      0.62794  0.000335222  -0.00156076  0.000963045 -0.000722454  -0.00193416   -0.0021867    -0.358663     -37.0774     -17.3745      10.9833     0.896528       1.2563   -0.0801822  3.28904e-15     -37.0989     -17.3196      10.9059      1.07719      1.32912    0.0172917
     0.80636      1.05805      -0.9112     -1.73644      0.11897      2.59198      1.05554 -0.000213738  0.000442014  0.000336374 -0.000114736 -2.96407e-05  0.000118973 -0.000735573     0.676964   0.00369457     0.169038      2.30017     -1.11348     0.627937 -0.000109647 -8.16494e-05 -0.000372729 -0.000280944  0.000972831  0.000529543    -0.410238     -37.0774     -17.4499      10.9833     0.902021       1.2563   -0.0609561  4.92661e-15     -37.0989     -17.3195      10.9059      1.07719      1.32912    0.0172917
    0.806361      1.05805    -0.911202     -1.73644     0.118971      2.59198      1.05554  0.000199663 -0.000344207  0.000186925  0.000348539  0.000240085 -0.000342971  0.000134703     0.676965   0.00369512      0.16904      2.30017     -1.11349      0.62794  9.64668e-05  0.000345602   0.00015302  0.000577255 -0.000289247  6.39179e-05    -0.434042     -37.0496     -17.4261      10.9833     0.896528      1.26912   -0.0865909  2.06779e-15     -37.0989     -17.3195       10.906      1.07719      1.32913    0.0172915
    0.806358      1.05805    -0.911202     -1.73644      0.11897      2.59197      1.05554  -0.00100266  0.000294738  -0.00165574  0.000224256   8.8024e-05 -0.000326623   0.00109338     0.676964   0.00369254     0.169039      2.30016     -1.11349     0.627937  0.000184536  -0.00137675  0.000598496 -0.000940697  -0.00145613  -0.00275958    -0.386434     -37.0774     -17.3983      10.9833     0.902021      1.27552    -0.105817  3.30291e-15     -37.0989     -17.3196      10.9059      1.07719      1.32912    0.0172916
    0.806359      1.05805    -0.911198     -1.73645      0.11897      2.59198      1.05554  0.000387682  -0.00077252  0.000453737 -0.000738965 -0.000243888   1.6199e-05 -0.000478163     0.676963   0.00369418     0.169037      2.30017     -1.11348     0.627932 -0.000188769  0.000304034 -2.79122e-05  0.000453098  0.000657616  0.000626218    -0.410238     -37.0496     -17.4499      11.0348      0.90843      1.26271   -0.0673648  7.77156e-16     -37.0989     -17.3195      10.9059      1.07719      1.32912    0.0172919
    0.806362      1.05805    -0.911204     -1.73644     0.118971      2.59198      1.05554  0.000541158  0.000307947 -0.000947097  0.000393594 -0.000175153  9.65727e-05  0.000659082     0.676964   0.00369403     0.169038      2.30016     -1.11348      0.62794  0.000192364  6.46627e-05  0.000366788 -0.000712395  -0.00106432  1.05827e-05    -0.434042     -37.1012     -17.3983      10.9833      0.90843      1.26271   -0.0929996 -8.46545e-16     -37.0989     -17.3196      10.9059      1.07719      1.32912    0.0172918
    0.806362      1.05805      -0.9112     -1.73645      0.11897      2.59198      1.05554 -4.16205e-05 -0.000622647  0.000285231  -0.00689999  9.03929e-05 -1.04326e-05 -0.000643113     0.676963   0.00369472     0.169037      2.30017     -1.11348     0.627933  -0.00209273  -0.00216955  -0.00167613 -0.000637879   0.00497092  -0.00422202    -0.410238     -37.0774     -17.4499      11.0348     0.902021      1.26271   -0.0545474  1.70697e-15     -37.0989     -17.3195      10.9059      1.07719      1.32912    0.0172919
    0.806363      1.05805      -0.9112     -1.73645      0.11897      2.59198      1.05554    0.0012057 -0.000159131  0.000139545 -0.000984647 -0.000196424 -0.000122171   0.00102906     0.676963   0.00369558     0.169036      2.30017     -1.11348     0.627933 -0.000316549  0.000555711 -0.000259753  7.51641e-05  0.000214918 -0.000150678    -0.461813     -37.0774     -17.4499      11.0348      0.90843      1.26912   -0.0994083 -3.05311e-16     -37.0989     -17.3196      10.9059      1.07719      1.32912     0.017292
    0.806362      1.05805    -0.911198     -1.73644     0.118973      2.59198      1.05554  0.000310069 -0.000776449  0.000296654   -0.0020372  -7.3411e-05 -0.000145778 -0.000913646     0.676964   0.00369666     0.169038      2.30017     -1.11348     0.627935 -0.000586908 -0.000269707 -0.000317781  0.000155043   0.00178911 -0.000295541    -0.434042     -37.0496     -17.4499      11.0071      0.90843      1.26271   -0.0545474  1.41553e-15     -37.0989     -17.3195      10.9059      1.07719      1.32913    0.0172917
    0.806359      1.05805    -0.911196     -1.73644     0.118971      2.59198      1.05554 -0.000127751  -0.00101624  0.000393571 -0.000278822  0.000628144 -0.000275702  0.000632066     0.676964   0.00369553     0.169037      2.30017     -1.11349     0.627933 -3.50602e-05  7.94413e-05  0.000223947   0.00143451 -0.000707156  -0.00116809    -0.410238     -37.0258     -17.4737      11.0071     0.891035      1.26912   -0.0929996 -1.54043e-15     -37.0989     -17.3195      10.9059      1.07719      1.32913    0.0172916
    0.806359      1.05804    -0.911202     -1.73644      0.11897      2.59198      1.05554  0.000126613  -0.00178044 -0.000794842  -0.00049605 -4.89235e-05 -0.000196701  0.000113246     0.676964   0.00369347     0.169041      2.30017     -1.11349     0.627937   0.00011415 -0.000227897   0.00102699  0.000690427  -0.00128106 -0.000787189    -0.410238      -37.002     -17.4261      11.0071     0.902021      1.26912   -0.0673648  1.80411e-16     -37.0989     -17.3195       10.906      1.07719      1.32913    0.0172916
     0.80636      1.05805      -0.9112     -1.73644      0.11897      2.59198      1.05554  0.000344747  0.000348913  0.000372276  0.000156038 -4.55359e-05 -0.000243085  -0.00143954     0.676964   0.00369434     0.169037      2.30017     -1.11348     0.627933 -5.33084e-05  0.000388075 -0.000299494 -0.000316608   0.00145811    0.0016105    -0.410238     -37.1012     -17.4499      10.9833     0.902021      1.26912   -0.0481387  4.69069e-15     -37.0989     -17.3196      10.9059      1.07719      1.32912    0.0172921
    0.806361      1.05805      -0.9112     -1.73644     0.118971      2.59198      1.05554  0.000414641  0.000151994  0.000849807  0.000644768    0.0003375 -0.000132621  0.000494385     0.676965   0.00369588     0.169038      2.30017     -1.11348     0.627938  8.01593e-05  0.000832499 -0.000264843  0.000820023 -0.000161891  0.000607287    -0.434042     -37.0774     -17.4499      10.9594     0.896528      1.26912   -0.0865909  2.55351e-15     -37.0989     -17.3195      10.9059      1.07719      1.32912    0.0172917
    0.806359      1.05805    -0.911198     -1.73644      0.11897      2.59198      1.05554  0.000347394  0.000112793 -7.44723e-05  5.07285e-05  0.000148737   0.00029966  0.000594826     0.676964   0.00369539     0.169038      2.30017     -1.11349     0.627937  3.61993e-05  0.000226851   1.6806e-05  0.000117406 -0.000664214 -9.44774e-06    -0.410238     -37.0774     -17.4499      10.9833     0.902021       1.2563   -0.0865909  4.44089e-16     -37.0989     -17.3195      10.9059      1.07719      1.32913    0.0172916
    0.806358      1.05805    -0.911199     -1.73644      0.11897      2.59198      1.05554 -0.000128839 -0.000700186   0.00056231  0.000945222  0.000115473 -0.000210432 -0.000258289     0.676965   0.00369458      0.16904      2.30017     -1.11349     0.627941  0.000294657  0.000540747  0.000330323   0.00102032 -0.000525614  0.000791625    -0.386434     -37.0496     -17.4499      10.9594     0.902021      1.26912   -0.0673648  2.81719e-15     -37.0989     -17.3195       10.906      1.07719      1.32913    0.0172915
     0.80636      1.05805    -0.911202     -1.73644     0.118971      2.59198      1.05554  0.000289171 -0.000348885 -0.000613691  1.68348e-05  0.000290311  0.000109646   0.00038837     0.676964   0.00369374     0.169039      2.30017     -1.11349     0.627939   0.00011832 -1.79095e-05  0.000440797  0.000159634  -0.00108708 -0.000404384    -0.410238     -37.0496     -17.4261      10.9833     0.896528      1.26271   -0.0865909  2.22045e-16     -37.0989     -17.3196      10.9059      1.07719      1.32912    0.0172916
    0.806359      1.05805    -0.911202     -1.73644     0.118969      2.59198      1.05554   0.00039198  2.11167e-05  -0.00108947   0.00561507 -0.000239462 -0.000285057 -0.000330063     0.676964   0.00369322     0.169039      2.30017     -1.11348     0.627936   0.00182049   0.00167667   0.00193139  5.90381e-05  -0.00409888   0.00394097    -0.410238     -37.0774     -17.3983      11.0071     0.913923      1.26912   -0.0609561   4.7462e-15     -37.0989     -17.3196      10.9059      1.07719      1.32912    0.0172919
    0.806359      1.05805    -0.911199     -1.73645      0.11897      2.59198      1.05554  0.000163632  0.000284501  3.87411e-05  -0.00117015  -0.00013908 -0.000194307  -0.00106329     0.676962   0.00369268     0.169036      2.30017     -1.11348     0.627928   -0.0004161 -0.000314646  -0.00048065 -0.000691055   0.00190838  0.000152195    -0.410238     -37.1012     -17.4499      11.0586      0.90843      1.26912     -0.04173  3.88578e-16     -37.0988     -17.3196      10.9059      1.07719      1.32912    0.0172922
    0.806359      1.05805    -0.911201     -1.73644      0.11897      2.59197      1.05554 -0.000601726  0.000255843  0.000134116   0.00140987 -0.000162744 -0.000523261  0.000349616     0.676965   0.00369422     0.169039      2.30017     -1.11349     0.627939  0.000348299    6.121e-05  0.000158292  5.16051e-05 -0.000475615 -6.72268e-05    -0.386434     -37.0774     -17.4261      10.9317      0.90843      1.27552   -0.0865909  3.53884e-15      -37.099     -17.3196      10.9059      1.07719      1.32912    0.0172917
    0.806358      1.05805    -0.911198     -1.73644      0.11897      2.59198      1.05554 -0.000547331  0.000311118  0.000785544  0.000202235 -0.000294795  0.000291318  9.64819e-05     0.676963   0.00369354     0.169037      2.30017     -1.11349     0.627932 -2.78945e-05  2.55229e-05 -0.000406355  0.000130461  0.000410947  0.000267996    -0.386434     -37.1012     -17.4737      11.0071      0.90843      1.26271   -0.0801822  6.38378e-15     -37.0989     -17.3195      10.9059      1.07719      1.32912    0.0172919
     0.80636      1.05805    -0.911197     -1.73644      0.11897      2.59198      1.05554  0.000127314 -0.000737784  0.000203583 -0.000278334 -9.91283e-05 -0.000242869  -0.00115512     0.676964    0.0036954     0.169038      2.30017     -1.11348     0.627932 -4.58181e-05  0.000150532  0.000166986  0.000306961  0.000753316  0.000826015    -0.410238     -37.0496     -17.4499      11.0071     0.902021      1.26912     -0.04173 -3.51108e-15     -37.0989     -17.3195      10.9059      1.07719      1.32913    0.0172918
    0.806358      1.05805    -0.911204     -1.73644     0.118972      2.59198      1.05555  -0.00061684   0.00077685  -0.00114355  -0.00025587  0.000363576 -0.000273949  0.000307288     0.676964   0.00369105     0.169039      2.30016      -1.1135     0.627937 -6.86348e-05  -0.00111455  3.31238e-05   -0.0010192 -0.000136827  -0.00198478    -0.386434     -37.1012     -17.3983      11.0071     0.896528      1.26912   -0.0865909  1.30451e-15     -37.0989     -17.3196      10.9059      1.07719      1.32912    0.0172917
    0.806359      1.05805    -0.911201     -1.73644     0.118971      2.59198      1.05554 -0.000873596 -0.000889607 -0.000641443  0.000349218  0.000250429 -0.000284413  -0.00114536     0.676964    0.0036929     0.169039      2.30017     -1.11348     0.627934  0.000254663 -0.000669027  0.000765678  0.000247878 -0.000449202 -0.000403616    -0.386434     -37.0258     -17.3983      11.0071     0.896528      1.26912     -0.04173  2.60902e-15     -37.0989     -17.3195      10.9059      1.07719      1.32912    0.0172918
    0.806364      1.05805      -0.9112     -1.73644     0.118974      2.59198      1.05554   0.00136166 -0.000677832  0.000233265  0.000680324  0.000231035  5.25777e-06 -0.000319615     0.676965   0.00369837      0.16904      2.30017     -1.11348     0.627945  0.000258548   0.00132986  0.000406137  0.000844347 -0.000707691    0.0020524    -0.461813     -37.0496     -17.4499      10.9594     0.896528      1.26271   -0.0673648 -1.15186e-15     -37.0989     -17.3195       10.906      1.07719      1.32913    0.0172913
    0.806362      1.05805    -0.911201     -1.73644     0.118969      2.59198      1.05554 -0.000418567   0.00051269 -0.000554558  0.000322694 -0.000190351 -6.08795e-05 -0.000399585     0.676964   0.00369537     0.169038      2.30017     -1.11348     0.627937   9.5597e-05 -0.000475497  7.27763e-05 -0.000854408  0.000153313 -8.54061e-05    -0.410238     -37.0774     -17.4261      10.9833     0.913923      1.26271   -0.0609561 -4.57967e-16     -37.0989     -17.3196      10.9059      1.07719      1.32912     0.017292
    0.806361      1.05805    -0.911198     -1.73644     0.118971      2.59198      1.05554  0.000305504  -0.00112889  0.000404449 -0.000408526  0.000437145 -0.000349153  0.000179974     0.676964   0.00369615     0.169039      2.30017     -1.11349     0.627935 -7.19363e-05  0.000344225  0.000229693   0.00128259 -0.000270313 -0.000403201    -0.434042     -37.0258     -17.4499      11.0071     0.891035      1.26912   -0.0865909   1.1241e-15     -37.0989     -17.3195       10.906      1.07719      1.32913    0.0172916
     0.80636      1.05805    -0.911198     -1.73644      0.11897      2.59198      1.05554 -0.000980573  0.000957435  6.91081e-05 -7.83727e-05  8.35495e-05 -0.000130661  0.000827878     0.676963   0.00369473     0.169036      2.30017     -1.11349     0.627932 -0.000147942 -0.000784742 -0.000510441 -0.000466187  0.000315711  -0.00176882    -0.386434     -37.1012     -17.4499      11.0071     0.902021      1.26912   -0.0929996 -1.09635e-15     -37.0989     -17.3195      10.9059      1.07719      1.32912    0.0172919
    0.806359      1.05805    -0.911203     -1.73644      0.11897      2.59198      1.05554 -0.000132905  0.000518308  -0.00121541 -0.000162974 -6.02316e-05  0.000457631  1.60398e-05     0.676965   0.00369302     0.169039      2.30016     -1.11349     0.627939  5.92664e-05 -0.000695628  0.000261281  -0.00113303 -0.000625613 -0.000525665    -0.410238     -37.1012     -17.3983      10.9833     0.902021       1.2563   -0.0737735  3.10862e-15     -37.0989     -17.3196      10.9059      1.07719      1.32912    0.0172917
     0.80636      1.05805    -0.911202     -1.73644     0.118971      2.59198      1.05554  0.000124206  0.000331699 -0.000714247  0.000620166  0.000211564 -0.000332647  0.000583313     0.676965    0.0036941     0.169039      2.30017     -1.11349     0.627939  0.000199437 -8.07264e-05  0.000289449 -0.000342471 -0.000851382  -0.00058635    -0.410238     -37.0774     -17.3983      10.9594     0.896528      1.26912   -0.0865909 -5.27356e-16     -37.0989     -17.3196      10.9059      1.07719      1.32912    0.0172917
    0.806358      1.05805    -0.911201     -1.73644     0.118969      2.59198      1.05554  6.68414e-05  -0.00035844 -1.57242e-05  -0.00026775 -0.000303578  -0.00014118 -0.000515516     0.676964    0.0036922     0.169038      2.30016     -1.11348     0.627934 -5.36927e-05 -1.57253e-05  8.92715e-05 -0.000107377   0.00048643  0.000364222    -0.386434     -37.0774     -17.4261      11.0071     0.913923      1.26271   -0.0673648  8.32667e-16     -37.0989     -17.3196      10.9059      1.07719      1.32912     0.017292
    0.806358      1.05805    -0.911201     -1.73644      0.11897      2.59198      1.05554 -0.000449145  0.000403682 -0.000131854  0.000198943 -0.000260946 -8.11941e-05  0.000396028     0.676964   0.00369237     0.169037      2.30016     -1.11349     0.627935  2.35527e-05 -0.000343475 -9.04768e-05 -0.000444863 -1.32719e-05  -0.00057338    -0.386434     -37.1012     -17.4261      10.9833      0.90843      1.26271   -0.0865909  1.13798e-15     -37.0989     -17.3196      10.9059      1.07719      1.32912    0.0172919
    0.806358      1.05805    -0.911201     -1.73644     0.118971      2.59198      1.05554 -0.000925879  0.000371744  8.81392e-05 -2.80357e-05  0.000161301 -0.000312195 -0.000773681     0.676964   0.00369207     0.169037      2.30016     -1.11348     0.627932 -8.40658e-05 -0.000667708 -0.000242016 -0.000281725  0.000978895 -0.000606045    -0.386434     -37.0774     -17.4261      11.0071     0.896528      1.26912   -0.0481387  2.15106e-15     -37.0989     -17.3196      10.9059      1.07719      1.32912     0.017292
    0.806359      1.05805    -0.911204     -1.73644     0.118971      2.59198      1.05554  -0.00025514  0.000196775 -0.000912163 -0.000339643 -6.21358e-05  6.00187e-05    0.0002186     0.676965   0.00369255      0.16904      2.30016     -1.11349     0.627942 -2.54445e-05 -0.000698777  0.000206459  -0.00074735 -0.000352363    -0.001028    -0.410238     -37.0774     -17.3983      11.0071      0.90843      1.26271   -0.0801822  2.84495e-15     -37.0988     -17.3196      10.9059      1.07719      1.32912    0.0172916
    0.806356      1.05805      -0.9112     -1.73645     0.118973      2.59198      1.05554  -0.00127538 -0.000874706  0.000429856   -0.0010578 -0.000312875 -0.000395245  -0.00164266     0.676963   0.00369095     0.169038      2.30017     -1.11349     0.627931 -0.000303637 -0.000957307 -8.75158e-05  0.000160845   0.00185829 -0.000596091    -0.358663     -37.0258     -17.4499      11.0348      0.90843      1.26912     -0.04173  1.52656e-16     -37.0988     -17.3195      10.9059      1.07719      1.32913    0.0172918
    0.806362      1.05805    -0.911195     -1.73644      0.11897      2.59198      1.05554  0.000407696  0.000647496  0.000606389  7.09733e-06  6.31181e-05  0.000151482   0.00106059     0.676964   0.00369773     0.169036      2.30017     -1.11348     0.627934 -0.000122907  0.000473379 -0.000547644  0.000150126  2.82443e-05 -4.43305e-05    -0.434042     -37.1012     -17.4737      10.9833     0.902021      1.26271   -0.0994083  6.23113e-15      -37.099     -17.3195      10.9059      1.07719      1.32912    0.0172918
    0.806361      1.05805    -0.911196     -1.73644      0.11897      2.59198      1.05554   0.00033724  -0.00103774  0.000844475   0.00182267  0.000129684 -8.07134e-05 -0.000394547     0.676965    0.0036984     0.169038      2.30017     -1.11348     0.627937  0.000584363   0.00132425  0.000615141   0.00158251  -0.00122102    0.0021787    -0.434042     -37.0496     -17.4737      10.9317     0.902021      1.26912   -0.0673648  1.67921e-15      -37.099     -17.3195       10.906      1.07719      1.32913    0.0172917
    0.806361      1.05805    -0.911196     -1.73644      0.11897      2.59198      1.05554   0.00023052 -0.000352888   0.00109096  2.48114e-05 -0.000256291 -0.000238994   0.00114831     0.676964   0.00369747     0.169038      2.30017     -1.11349     0.627936 -8.92139e-05  0.000662519 -0.000310613  0.000936244  1.03712e-05 -9.33611e-05    -0.434042     -37.0496     -17.4737      10.9833      0.90843      1.26912   -0.0929996  6.39766e-15     -37.0989     -17.3195       10.906      1.07719      1.32913    0.0172916
    0.806363      1.05805    -0.911202     -1.73644     0.118971      2.59198      1.05554  0.000478988  0.000319843 -0.000218144   0.00057522  0.000471633 -0.000251242 -0.000653162     0.676964   0.00369606     0.169038      2.30017     -1.11348     0.627937  0.000141161  0.000361648  8.22868e-05 -8.91563e-05  7.15747e-05  0.000821918    -0.434042     -37.0774     -17.4261      10.9833     0.891035      1.26912   -0.0673648  2.77556e-16     -37.0989     -17.3196      10.9059      1.07719      1.32912    0.0172918
    0.806361      1.05805    -0.911204     -1.73644      0.11897      2.59198      1.05554  0.000716776 -0.000808539 -0.000581543 -0.000283466  5.00411e-05 -0.000218466  -0.00038827     0.676964   0.00369338      0.16904      2.30016     -1.11349     0.627938  4.32443e-05  0.000217445  0.000535183  0.000126536 -0.000340819  0.000364215    -0.434042     -37.0496     -17.3983      11.0071     0.902021      1.26912   -0.0673648  5.89806e-15     -37.0988     -17.3196      10.9059      1.07719      1.32912    0.0172918
    0.806356      1.05805    -0.911199     -1.73644      0.11897      2.59198      1.05554  -0.00102162 -0.000311725  2.74075e-05 -0.000732218 -0.000183776 -0.000317754  0.000548998     0.676964   0.00369257     0.169038      2.30017     -1.11349     0.627935 -0.000218511 -0.000911548 -8.75709e-05  6.47117e-05  0.000301143  -0.00202364    -0.358663     -37.0774     -17.4261      10.9833      0.90843      1.27552   -0.0865909  1.80411e-16     -37.0989     -17.3195      10.9059      1.07719      1.32912    0.0172917
    0.806359      1.05805    -0.911202     -1.73644      0.11897      2.59198      1.05554  0.000555234 -0.000451141 -0.000698022  2.91307e-05 -1.98199e-05 -6.38039e-05 -0.000167724     0.676964   0.00369341     0.169039      2.30017     -1.11348      0.62794  0.000125714  0.000133863  0.000510898 -0.000139958 -0.000611097  0.000332766    -0.410238     -37.0496     -17.3983      11.0071      0.90843      1.26271   -0.0737735 -9.57567e-16     -37.0989     -17.3196      10.9059      1.07719      1.32912    0.0172917
    0.806356      1.05805    -0.911202     -1.73645     0.118973      2.59198      1.05554  -0.00033991  0.000507314 -0.000273401    -0.001167 -9.78948e-05  6.71118e-05 -0.000522486     0.676964   0.00369013     0.169039      2.30016     -1.11349     0.627936 -0.000382578 -0.000796653 -0.000432022 -0.000889827   0.00131305  -0.00077517    -0.358663     -37.0774     -17.4261      11.0348     0.902021      1.26271   -0.0545474  1.23512e-15     -37.0988     -17.3196      10.9059      1.07719      1.32913    0.0172917
    0.806361      1.05805      -0.9112     -1.73644     0.118969      2.59197      1.05554  0.000636539 -0.000720874  0.000698084 -0.000295436 -0.000362676 -0.000485119  0.000546996     0.676964   0.00369496     0.169038      2.30017     -1.11348     0.627935 -0.000128691  0.000686567 -7.68229e-05  0.000706034  0.000338546  0.000267961    -0.434042     -37.0496     -17.4499      11.0071     0.913923      1.27552   -0.0865909  2.92821e-15     -37.0989     -17.3195      10.9059      1.07719      1.32912    0.0172918
    0.806358      1.05805    -0.911196     -1.73645      0.11897      2.59198      1.05554  0.000318526  7.10174e-05   0.00166207  -0.00123147 -0.000100667 -1.35016e-05  0.000561587     0.676962   0.00369306     0.169036      2.30017     -1.11349     0.627928 -0.000565671  0.000507149   -0.0010697  0.000771804    0.0016691 -9.17661e-05    -0.386434     -37.0774     -17.5014      11.0586      0.90843      1.26271   -0.0737735 -1.84575e-15     -37.0989     -17.3195      10.9059      1.07718      1.32912     0.017292
    0.806358      1.05805    -0.911198     -1.73644     0.118974      2.59198      1.05554 -1.18881e-05 -0.000422085  0.000391422  0.000238799 -5.33414e-05 -3.00563e-05  8.61813e-05     0.676964   0.00369374     0.169037      2.30017     -1.11349     0.627933   7.7933e-05  0.000290006  9.41403e-05  0.000559867  -0.00022121  0.000291821    -0.386434     -37.0774     -17.4499      11.0071     0.902021      1.26271   -0.0801822  1.67921e-15     -37.0989     -17.3195      10.9059      1.07719      1.32913    0.0172916
     0.80636      1.05805      -0.9112     -1.73644     0.118971      2.59198      1.05554  0.000613254 -0.000140589  0.000276344   0.00171442  1.60524e-05   0.00168246 -0.000254122     0.676965   0.00369583     0.169039      2.30017     -1.11348      0.62794  0.000663664   0.00125531   0.00053799  0.000676616  -0.00226975   0.00318566    -0.410238     -37.0774     -17.4499      10.9317     0.896528      1.26271   -0.0609561   -4.996e-16      -37.099     -17.3195      10.9059      1.07719      1.32913    0.0172916
    0.806361      1.05805    -0.911197     -1.73645      0.11897      2.59198      1.05554  0.000675765 -0.000188136 -0.000129816  -0.00107133 -0.000177722  0.000103402 -0.000336333     0.676963   0.00369607     0.169038      2.30017     -1.11348     0.627932 -0.000289817  7.13453e-05 -0.000137682 -0.000300577  0.000746475  0.000305832    -0.434042     -37.0496     -17.4499      11.0348      0.90843      1.26271   -0.0673648 -1.44329e-15     -37.0989     -17.3195      10.9059      1.07719      1.32913    0.0172918
    0.806358      1.05805      -0.9112     -1.73644      0.11897      2.59198      1.05554 -0.000485036 -0.000395565  0.000139891  0.000220982  8.54644e-05   0.00159807  -0.00114567     0.676964   0.00369317     0.169038      2.30017     -1.11348     0.627935  0.000241989 -2.96649e-05  0.000310092  0.000393522 -0.000896828   0.00157911    -0.386434     -37.0496     -17.4499      10.9833     0.902021      1.26271   -0.0545474 -1.31839e-15     -37.0989     -17.3195      10.9059      1.07719      1.32912    0.0172918
    0.806359      1.05805    -0.911202     -1.73644     0.118971      2.59198      1.05554 -0.000200182 -0.000630014 -0.000677415 -0.000403968  6.54641e-05  0.000272609  -0.00138274     0.676965   0.00369371     0.169039      2.30017     -1.11348     0.627937  4.27042e-05 -0.000470501  0.000497265 -0.000211113  3.68559e-05  0.000382418    -0.410238     -37.0496     -17.4261      10.9833     0.902021      1.26271   -0.0481387 -6.10623e-16     -37.0989     -17.3196      10.9059      1.07719      1.32912    0.0172918
    0.806361      1.05805    -0.911204     -1.73644     0.118971      2.59198      1.05554  0.000165338  0.000383036  -0.00117831  0.000956641  0.000130086 -0.000167055  0.000207351     0.676965   0.00369372     0.169039      2.30016     -1.11348     0.627942  0.000360693 -0.000131629  0.000563701 -0.000710117  -0.00120495 -9.82073e-05    -0.434042     -37.1012     -17.3983      10.9833     0.902021      1.26912   -0.0801822   3.6221e-15     -37.0989     -17.3196      10.9059      1.07719      1.32912    0.0172917
    0.806362      1.05805    -0.911201     -1.73644     0.118971      2.59197      1.05554  2.27315e-06  0.000115857 -0.000306765  0.000459857  0.000397448 -0.000370891 -0.000540088     0.676964   0.00369511     0.169038      2.30017     -1.11348     0.627936  0.000128992  -2.1929e-05  0.000174939 -5.46184e-05   9.7287e-06  0.000104547    -0.410238     -37.1012     -17.4261      10.9833     0.896528      1.27552   -0.0673648 -1.06859e-15     -37.0989     -17.3196      10.9059      1.07719      1.32912    0.0172919
     0.80636      1.05805    -0.911199     -1.73644     0.118971      2.59198      1.05554 -0.000106553  0.000837213 -2.57161e-05 -0.000709787  0.000386156  1.44903e-05  0.000379925     0.676963   0.00369393     0.169035      2.30016     -1.11348     0.627932 -0.000309394 -0.000427179 -0.000567996 -0.000414031  0.000652136  -0.00112438    -0.410238      -37.125     -17.4261      11.0071     0.896528      1.26912   -0.0929996  3.63598e-15     -37.0989     -17.3196      10.9058      1.07719      1.32912     0.017292
    0.806359      1.05805    -0.911203     -1.73644      0.11897      2.59198      1.05554  8.73756e-05  0.000263207 -0.000893402  0.000172067 -0.000209488  0.000201783 -0.000449438     0.676964   0.00369254     0.169038      2.30016     -1.11348     0.627939  0.000134268 -0.000280817  0.000313422 -0.000904044 -0.000288764  0.000367661    -0.410238     -37.1012     -17.3983      10.9833      0.90843      1.26271   -0.0737735 -2.06779e-15     -37.0989     -17.3196      10.9059      1.07719      1.32912    0.0172919
    0.806359      1.05805    -0.911198     -1.73644      0.11897      2.59198      1.05554  0.000119141 -0.000287939  0.000992665 -8.66283e-05 -0.000137452 -0.000319407  3.57032e-05     0.676964   0.00369506     0.169038      2.30017     -1.11348     0.627935 -0.000127227  0.000491658 -0.000334173  0.000678397  0.000767741  0.000399236    -0.410238     -37.0496     -17.4737      10.9833      0.90843      1.26912   -0.0801822 -5.96745e-16     -37.0989     -17.3195      10.9059      1.07719      1.32912    0.0172918
    0.806359      1.05805    -0.911198     -1.73644      0.11897      2.59198      1.05554   0.00037251  0.000228457  0.000311929  0.000158614  9.70969e-05  0.000140364 -0.000717415     0.676964   0.00369549     0.169037      2.30017     -1.11348     0.627937  1.58602e-06  0.000422217 -0.000185305 -4.08578e-06   0.00053526   0.00121474    -0.410238     -37.1012     -17.4499      10.9833     0.902021      1.26271   -0.0609561  5.59275e-15     -37.0989     -17.3195      10.9059      1.07719      1.32913    0.0172917
    0.806359      1.05805    -0.911203     -1.73645      0.11897      2.59198      1.05554 -0.000133977 -0.000270524  -0.00091505 -0.000759426 -7.66333e-05    0.0003218  -0.00060495     0.676963   0.00369083     0.169038      2.30016     -1.11349     0.627935 -7.91562e-05  -0.00068526   0.00033531 -0.000623321 -6.92662e-05 -0.000390916    -0.386434     -37.0774     -17.3983      11.0348     0.902021       1.2563   -0.0673648  4.85723e-16     -37.0988     -17.3196      10.9058      1.07719      1.32912     0.017292
    0.806358      1.05805      -0.9112     -1.73644     0.118971      2.59198      1.05554 -0.000237518 -0.000268825  -0.00017357 -0.000488962  0.000123436  3.71633e-05  0.000254918     0.676964   0.00369282     0.169038      2.30017     -1.11349     0.627934 -9.80469e-05 -0.000368381  7.35184e-05   0.00013691 -0.000189462 -0.000905992    -0.386434     -37.0774     -17.4261      11.0071     0.902021      1.26271   -0.0737735  4.28824e-15     -37.0989     -17.3195      10.9059      1.07719      1.32912    0.0172918
    0.806358      1.05805    -0.911198     -1.73644     0.118971      2.59198      1.05554 -0.000576999    0.0010938  0.000666468  6.53266e-05 -4.28639e-05 -0.000243516  0.000457022     0.676964   0.00369382     0.169036      2.30017     -1.11349     0.627932 -0.000193382 -0.000228053 -0.000799408 -0.000341861   0.00105375 -0.000684201    -0.386434      -37.125     -17.4737      10.9833     0.902021      1.26912   -0.0801822  1.66533e-16     -37.0989     -17.3195      10.9059      1.07719      1.32912    0.0172919
    0.806359      1.05805    -0.911201     -1.73644     0.118969      2.59198      1.05554  1.25297e-06 -0.000321075 -0.000125913  0.000182564 -0.000351966 -0.000338042  -0.00052833     0.676964   0.00369324     0.169039      2.30017     -1.11348     0.627935  7.55508e-05   2.6579e-05  0.000223304 -0.000174265  0.000305473  0.000468532    -0.410238     -37.0774     -17.4261      11.0071     0.913923      1.26912   -0.0609561  5.55112e-16     -37.0989     -17.3196      10.9059      1.07719      1.32912    0.0172919
    0.806354      1.05805    -0.911196     -1.73644      0.11897      2.59198      1.05554  -0.00237884  0.000694122  0.000863912 -0.000189369 -9.72806e-05 -0.000335678 -0.000538254     0.676963   0.00369164     0.169034      2.30016     -1.11348     0.627925 -0.000249076  -0.00140767 -0.000770692 -0.000206125    0.0017875  -0.00182773    -0.334859     -37.1012     -17.4737      11.0071      0.90843      1.26912   -0.0545474  5.13478e-16     -37.0989     -17.3195      10.9058      1.07718      1.32912    0.0172922
     0.80636      1.05805    -0.911198     -1.73644     0.118971      2.59198      1.05554  3.67959e-06  0.000530899  2.42886e-05 -0.000441395  0.000141211 -0.000273509  0.000370358     0.676964   0.00369484     0.169036      2.30017     -1.11348     0.627936 -0.000223239  -0.00022157 -0.000398013 -0.000306581  0.000614308 -0.000832039    -0.410238     -37.0774     -17.4499      11.0071     0.902021      1.26271   -0.0737735  2.77556e-17     -37.0989     -17.3195      10.9059      1.07719      1.32912    0.0172918
     0.80636      1.05805    -0.911197     -1.73644     0.118971      2.59198      1.05554  -0.00028854 -0.000559656  0.000399381  0.000262053   0.00046923 -7.18761e-06  -0.00105504     0.676964   0.00369627     0.169037      2.30017     -1.11348     0.627934  0.000103814  0.000124329  0.000169954  0.000809254  0.000133236  0.000606417    -0.410238     -37.0496     -17.4499      10.9833     0.891035       1.2563   -0.0481387  2.13718e-15     -37.0989     -17.3195      10.9059      1.07719      1.32913    0.0172918
    0.806359      1.05805    -0.911203     -1.73644     0.118971      2.59198      1.05554   0.00016193   -0.0013112 -0.000924927 -0.000215572  0.000371631  6.29805e-05   0.00130584     0.676965   0.00369336     0.169041      2.30016     -1.11349     0.627941  0.000184817 -0.000207623  0.000961208  0.000845179  -0.00234944  -0.00162633    -0.410238     -37.0258     -17.3983      10.9833     0.891035      1.26271   -0.0994083  1.83187e-15     -37.0989     -17.3196      10.9059      1.07719      1.32913    0.0172914
    0.806361      1.05805    -0.911199     -1.73644     0.118971      2.59198      1.05554  0.000768921 -4.93582e-05  -0.00016831  0.000146476  0.000161182 -7.31797e-05  0.000313727     0.676964   0.00369577     0.169038      2.30017     -1.11349     0.627937   5.9485e-05  0.000495651  0.000130145  0.000118692 -0.000449445   0.00040235    -0.434042     -37.0774     -17.4261      10.9833     0.902021      1.26912   -0.0865909  3.46945e-16     -37.0989     -17.3195      10.9059      1.07719      1.32912    0.0172917
    0.806359      1.05805    -0.911205     -1.73644     0.118972      2.59198      1.05554  0.000267299   0.00022919  -0.00171968 -0.000675943  0.000625376  0.000272412  -0.00124205     0.676964   0.00369188      0.16904      2.30016     -1.11348     0.627941 -3.03134e-05 -0.000805218  0.000467779  -0.00110711 -0.000159326 -0.000296786    -0.410238     -37.0774     -17.3745      11.0071     0.884626       1.2563     -0.04173  4.14946e-15     -37.0988     -17.3196      10.9059       1.0772      1.32912    0.0172917
    0.806363      1.05805    -0.911197     -1.73644      0.11897      2.59198      1.05554  0.000536242 -0.000115051  0.000172878  0.000774372 -0.000193686 -0.000288854  0.000895096     0.676964   0.00369867     0.169037      2.30017     -1.11348     0.627938  0.000206388  0.000694802  0.000163967  0.000332193 -0.000762827  0.000402324    -0.434042     -37.0774     -17.4499      10.9594      0.90843      1.26912   -0.0929996 -1.63758e-15      -37.099     -17.3195      10.9059      1.07719      1.32912    0.0172917
     0.80636      1.05805    -0.911201     -1.73644      0.11897      2.59198      1.05554  0.000472192 -0.000788443 -0.000104415  6.22925e-06  3.16315e-05  0.000315847  0.000169903     0.676965    0.0036948      0.16904      2.30017     -1.11349      0.62794  0.000128638  0.000392933  0.000442054  0.000587041 -0.000975954  0.000477002    -0.410238     -37.0496     -17.4261      10.9833     0.902021       1.2563   -0.0801822  3.28904e-15     -37.0989     -17.3195      10.9059      1.07719      1.32913    0.0172916
    0.806361      1.05805    -0.911199     -1.73644     0.118971      2.59198      1.05554   0.00135484  0.000931896  0.000341306  0.000449775  0.000396658 -8.63186e-06 -0.000828178     0.676964   0.00369553     0.169036      2.30017     -1.11348     0.627937 -7.65467e-06    0.0010998 -0.000458982 -0.000276555  0.000889454   0.00221995    -0.434042      -37.125     -17.4499      10.9833     0.896528      1.26271   -0.0609561  5.38458e-15     -37.0989     -17.3196      10.9058      1.07719      1.32912     0.017292
    0.806358      1.05805    -0.911198     -1.73644      0.11897      2.59198      1.05554 -0.000629066  0.000385586  0.000453479  0.000524116  1.79318e-06  0.000186031 -0.000674283     0.676964   0.00369433     0.169036      2.30017     -1.11348     0.627933  8.94661e-05 -8.48972e-05 -0.000219012 -2.03192e-05  0.000455102  0.000588235    -0.386434     -37.1012     -17.4737      10.9833     0.902021       1.2563   -0.0545474  2.59515e-15      -37.099     -17.3195      10.9059      1.07719      1.32912     0.017292
     0.80636      1.05805    -0.911202     -1.73644     0.118971      2.59197      1.05554 -9.36071e-05  0.000223889 -0.000147103 -0.000128735   0.00019233 -0.000521079  0.000918484     0.676964   0.00369327     0.169038      2.30016     -1.11349     0.627935 -9.52495e-05 -0.000238152 -0.000115351 -2.04546e-05 -9.59037e-05  -0.00140671    -0.410238     -37.0774     -17.4261      11.0071     0.896528      1.27552   -0.0994083 -3.21965e-15     -37.0989     -17.3196      10.9059      1.07719      1.32912    0.0172918
    0.806358      1.05805    -0.911199     -1.73644      0.11897      2.59198      1.05554  -0.00133255  0.000617857  0.000149389 -4.16107e-05  0.000101662 -0.000128301 -0.000471319     0.676963   0.00369285     0.169037      2.30016     -1.11349     0.627932 -0.000104929 -0.000935875 -0.000374177 -0.000393023  0.000895815  -0.00107031    -0.358663     -37.1012     -17.4499      11.0071     0.902021      1.26912   -0.0737735  1.20737e-15     -37.0989     -17.3195      10.9059      1.07719      1.32912    0.0172919
     0.80636      1.05805    -0.911198     -1.73644      0.11897      2.59198      1.05554 -0.000248015  0.000593694   0.00124333  0.000655866 -7.24107e-05 -0.000262098 -0.000757211     0.676964   0.00369538     0.169037      2.30017     -1.11348     0.627934 -1.75323e-05  0.000501444 -0.000651619   0.00022497   0.00142942   0.00127075    -0.410238     -37.1012     -17.4737      10.9833     0.902021      1.26912   -0.0545474  3.30291e-15     -37.0989     -17.3195      10.9059      1.07719      1.32912    0.0172919
    0.806356      1.05805    -0.911199     -1.73644      0.11897      2.59198      1.05554  -0.00176501  0.000964327 -0.000162402 -0.000372253  0.000195013 -7.83709e-05   0.00117418     0.676963   0.00369149     0.169036      2.30016     -1.11349     0.627932 -0.000207563  -0.00151363 -0.000489011 -0.000519159  8.05825e-05  -0.00316892    -0.358663     -37.1012     -17.4261      11.0071     0.902021      1.26271   -0.0929996  4.08007e-15     -37.0989     -17.3196      10.9059      1.07719      1.32912    0.0172919
    0.806358      1.05805    -0.911201     -1.73644     0.118973      2.59198      1.05554 -0.000751402 -0.000296021 -0.000605513  0.000744872  0.000395192  0.000252026   0.00102264     0.676965    0.0036936      0.16904      2.30017     -1.11349      0.62794  0.000353131 -0.000469629   0.00061973  0.000452257  -0.00210255  -0.00139857    -0.386434     -37.0774     -17.4261      10.9594     0.891035       1.2563   -0.0929996  1.22125e-15     -37.0989     -17.3195      10.9059      1.07719      1.32913    0.0172914
    0.806359      1.05805      -0.9112     -1.73644      0.11897      2.59198      1.05554 -0.000222086  4.16329e-05   0.00026031  -0.00019413 -0.000136336  0.000207192  0.000478644     0.676964   0.00369388     0.169038      2.30017     -1.11348     0.627939 -7.31035e-05 -9.14979e-05  -0.00016765  0.000108139 -6.58035e-05 -0.000379977    -0.410238     -37.0774     -17.4499      11.0071      0.90843       1.2563   -0.0865909 -1.79023e-15     -37.0989     -17.3196      10.9059      1.07719      1.32912    0.0172917
    0.806356      1.05805    -0.911201     -1.73644     0.118973      2.59198      1.05554 -0.000881305  0.000615753 -0.000844679  0.000157937 -3.75148e-05  6.23397e-06 -0.000411102     0.676964   0.00369099     0.169038      2.30016     -1.11349     0.627935  7.13207e-05 -0.000979051  0.000109958  -0.00102658  4.82414e-05 -0.000845222    -0.358663     -37.1012     -17.3983      10.9833     0.902021      1.26271   -0.0673648   1.8735e-15     -37.0989     -17.3196      10.9059      1.07719      1.32912    0.0172918
    0.806359      1.05805    -0.911198     -1.73644     0.118971      2.59198      1.05554  0.000398537  2.14468e-05  7.82341e-05 -0.000505699  0.000175564  0.000133904 -0.000352103     0.676963   0.00369446     0.169036      2.30017     -1.11348     0.627932  -0.00015628  0.000137092 -0.000166336   7.9057e-06  0.000458941  0.000337022    -0.410238     -37.0774     -17.4499      11.0071     0.896528      1.26271   -0.0673648 -1.60982e-15     -37.0989     -17.3195      10.9059      1.07719      1.32912    0.0172919
    0.806358      1.05805    -0.911201     -1.73645     0.118969      2.59198      1.05554 -0.000399045 -0.000704406 -0.000345504 -0.000870211 -0.000396249  3.75467e-05  0.000394545     0.676964   0.00369163     0.169039      2.30016     -1.11349     0.627935 -0.000148657 -0.000621697  0.000243119 -4.03259e-05 -0.000193953  -0.00120537    -0.386434     -37.0496     -17.4261      11.0348     0.913923      1.26271   -0.0865909 -6.80012e-16     -37.0988     -17.3195      10.9059      1.07719      1.32912    0.0172918
    0.806358      1.05805    -0.911201     -1.73644      0.11897      2.59198      1.05554 -0.000568428  -0.00132907 -0.000426309 -0.000212576 -2.72962e-05   0.00035971  0.000857007     0.676964   0.00369269      0.16904      2.30017     -1.11349      0.62794  0.000163763 -0.000456254  0.000777158  0.000835904  -0.00183003  -0.00133485    -0.386434     -37.0258     -17.3983      11.0071      0.90843      1.24989   -0.0929996 -2.77556e-16     -37.0989     -17.3195       10.906      1.07719      1.32913    0.0172915
    0.806359      1.05805    -0.911199     -1.73644      0.11897      2.59198      1.05554  0.000629035 -0.000684053  -0.00019361 -0.000477527  0.000211043 -0.000274305  0.000713674     0.676964   0.00369435     0.169039      2.30017     -1.11349     0.627936 -7.59293e-05  0.000238329  0.000257887   0.00054241 -0.000578996   -0.0006444    -0.410238     -37.0496     -17.4261      11.0071     0.902021      1.26271   -0.0929996 -1.54043e-15     -37.0989     -17.3195      10.9059      1.07719      1.32913    0.0172916
     0.80636      1.05805    -0.911201     -1.73644     0.118972      2.59198      1.05554    6.627e-05  -0.00116577 -8.84885e-05   1.6201e-06  0.000179219  0.000684759 -0.000831313     0.676965   0.00369428     0.169039      2.30017     -1.11349     0.627939  0.000202782  0.000193178  0.000641999  0.000814657 -0.000953242  0.000987972    -0.410238     -37.0496     -17.4261      10.9833     0.896528       1.2444   -0.0609561   3.3723e-15     -37.0989     -17.3195      10.9059      1.07719      1.32913    0.0172916
     0.80636      1.05805    -0.911201     -1.73644     0.118971      2.59198      1.05554  0.000313026 -0.000646977 -0.000195059  -0.00409263  0.000395523 -0.000374231 -0.000276605     0.676964   0.00369394     0.169039      2.30017     -1.11349     0.627936  -0.00120481  -0.00121454 -0.000733148 -0.000181794   0.00259783  -0.00286762    -0.410238     -37.0496     -17.4261      10.9833     0.896528      1.26912   -0.0673648 -1.54043e-15     -37.0989     -17.3196      10.9059      1.07719      1.32912    0.0172918
    0.806362      1.05805    -0.911201     -1.73644      0.11897      2.59198      1.05554 -1.40345e-05 -0.000183019 -0.000782645  3.61929e-05  0.000161527   5.0803e-05  0.000734184     0.676964   0.00369529     0.169039      2.30017     -1.11348     0.627941  0.000118905 -0.000311518  0.000433299 -8.61646e-05  -0.00120478  -0.00100129    -0.410238     -37.0774     -17.3983      11.0071     0.902021      1.26271   -0.0865909 -1.33227e-15     -37.0989     -17.3195      10.9059      1.07719      1.32913    0.0172916
    0.806361      1.05805    -0.911197     -1.73644     0.118971      2.59198      1.05554  0.000446751  6.90197e-05 -0.000116195  0.000371286  0.000373964  8.65728e-05  0.000770657     0.676964   0.00369679     0.169037      2.30017     -1.11348     0.627936  0.000125766  0.000370789  0.000127393  0.000343971 -0.000988095 -0.000117049    -0.434042     -37.0774     -17.4499      10.9833     0.896528       1.2563   -0.0865909  1.83187e-15     -37.0989     -17.3195      10.9059      1.07719      1.32913    0.0172917
    0.806358      1.05805      -0.9112     -1.73644     0.118969      2.59198      1.05554 -0.000872945 -0.000629657 -4.59478e-05  7.39695e-05 -0.000481947  0.000172451   -0.0012963     0.676964   0.00369275     0.169038      2.30017     -1.11348     0.627935  0.000116837 -0.000491392  0.000343349 -0.000106021  0.000356255  0.000551149    -0.386434     -37.0496     -17.4499      11.0071     0.913923       1.2563   -0.0545474  5.41234e-16     -37.0989     -17.3195      10.9059      1.07719      1.32912    0.0172919
    0.806363      1.05805    -0.911198     -1.73644     0.118971      2.59198      1.05554  0.000365094 -0.000708474  0.000654206  0.000314485  0.000380009   0.00158799 -0.000150041     0.676964   0.00369805     0.169039      2.30017     -1.11348     0.627937  0.000248884  0.000831128  0.000267577   0.00132503  -0.00158758   0.00179783    -0.434042     -37.0496     -17.4499      10.9833     0.896528      1.26912   -0.0801822 -2.09555e-15     -37.0989     -17.3195       10.906      1.07719      1.32913    0.0172916
     0.80636      1.05805      -0.9112     -1.73644     0.118971      2.59198      1.05554  0.000355134  0.000948874  0.000560425  0.000126448  6.37775e-05   0.00044604 -0.000170163     0.676964   0.00369435     0.169038      2.30017     -1.11349     0.627937 -8.91055e-05  0.000444471 -0.000615585 -0.000274787  0.000655907   0.00109277    -0.410238     -37.1012     -17.4499      10.9833     0.902021       1.2563   -0.0737735 -1.31839e-15     -37.0989     -17.3196      10.9059      1.07719      1.32912    0.0172917
    0.806359      1.05805    -0.911202     -1.73644     0.118973      2.59198      1.05554   0.00034516   0.00150191  -0.00088253  7.00982e-05 -3.42323e-05 -0.000435493  -0.00081519     0.676964   0.00369264     0.169036      2.30016     -1.11349     0.627936  -9.6068e-05 -0.000332373  -0.00034899  -0.00181485   0.00128548  0.000328477    -0.410238      -37.125     -17.3983      11.0071      0.90843      1.27552   -0.0609561  6.06459e-15     -37.0989     -17.3196      10.9058      1.07719      1.32912    0.0172919
    0.806358      1.05805    -0.911201     -1.73644      0.11897      2.59198      1.05554 -0.000773149  5.63901e-05 -0.000384207 -0.000399693  0.000230474 -0.000296679  0.000679779     0.676964   0.00369245     0.169039      2.30016     -1.11349     0.627935 -0.000112669 -0.000856259   9.0846e-06 -8.86291e-05 -0.000211506  -0.00208658    -0.386434     -37.0774     -17.3983      11.0071     0.902021      1.26912   -0.0994083  2.69229e-15     -37.0989     -17.3195      10.9059      1.07719      1.32912    0.0172917
    0.806359      1.05805    -0.911202     -1.73644     0.118971      2.59198      1.05554  0.000189453 -0.000128614  -0.00141196   0.00288785  0.000283085  0.000365756  -0.00100096     0.676965   0.00369377      0.16904      2.30017     -1.11348     0.627942   0.00108758  0.000535433   0.00146405 -0.000219533  -0.00279524   0.00231312    -0.410238     -37.0774     -17.3745      10.9833     0.896528       1.2563   -0.0481387  3.06699e-15     -37.0989     -17.3196      10.9059      1.07719      1.32913    0.0172916
    0.806361      1.05805    -0.911203     -1.73644      0.11897      2.59198      1.05555   0.00142119  0.000834133 -0.000772041  0.000444727 -0.000226848  0.000144914   0.00209374     0.676964   0.00369388     0.169038      2.30016     -1.11349      0.62794  0.000131031  0.000695228  6.14794e-05 -0.000744062  -0.00152441 -2.51661e-05    -0.434042      -37.125     -17.3983      10.9833      0.90843      1.26271    -0.118634 -4.71845e-16     -37.0989     -17.3196      10.9059      1.07719      1.32912    0.0172918
     0.80636      1.05805    -0.911201     -1.73644      0.11897      2.59198      1.05554  0.000131861  0.000197962  0.000209185  0.000812149 -0.000248456 -0.000123818 -0.000424083     0.676965   0.00369476     0.169039      2.30017     -1.11348      0.62794  0.000194757  0.000425436  2.32186e-05 -0.000130272  0.000159531   0.00119073    -0.386434     -37.0774     -17.4261      10.9833      0.90843      1.26912   -0.0673648   1.4988e-15     -37.0989     -17.3195      10.9059      1.07719      1.32912    0.0172917
    0.806359      1.05805    -0.911201     -1.73644      0.11897      2.59198      1.05554 -5.94116e-05  0.000589227 -0.000266589  0.000428584 -9.19058e-05  0.000303321  0.000864638     0.676964   0.00369325     0.169038      2.30016     -1.11349     0.627937  0.000120517  -5.6006e-05 -2.77223e-05 -0.000387468 -0.000786976 -0.000308457    -0.386434     -37.1012     -17.4261      10.9833      0.90843       1.2563   -0.0929996  3.64986e-15     -37.0989     -17.3196      10.9059      1.07719      1.32912    0.0172918
    0.806362      1.05805    -0.911202     -1.73644      0.11897      2.59198      1.05554  -6.9037e-05 -3.13478e-05 -1.90504e-05  0.000638449  0.000110973  0.000362619 -0.000798029     0.676964   0.00369558     0.169039      2.30017     -1.11348     0.627939  0.000235461  0.000190056  0.000223121  8.10521e-05 -0.000317092    0.0011361    -0.410238     -37.0774     -17.4261      10.9833     0.902021       1.2563   -0.0545474  4.16334e-15     -37.0989     -17.3196      10.9059      1.07719      1.32912    0.0172918
    0.806362      1.05805    -0.911203     -1.73645      0.11897      2.59198      1.05554 -0.000348501  9.57285e-05 -0.000967828  -0.00142509 -0.000295189  0.000278305 -0.000245723     0.676963   0.00369291     0.169038      2.30016     -1.11348     0.627936 -0.000324364  -0.00112193  6.98073e-07  -0.00111906   0.00052551  -0.00125982    -0.410238     -37.0774     -17.3983      11.0348      0.90843       1.2563   -0.0609561 -2.55351e-15     -37.0988     -17.3196      10.9058      1.07719      1.32912     0.017292
    0.806362      1.05805    -0.911198     -1.73644      0.11897      2.59198      1.05554   0.00062299 -0.000145678   0.00126715  0.000650045  6.71821e-05 -0.000391049   0.00102396     0.676965   0.00369769     0.169038      2.30017     -1.11348     0.627938  4.76653e-05   0.00117531  -0.00032306   0.00118182 -0.000121274  0.000617992    -0.434042     -37.0774     -17.4737      10.9594      0.90843      1.26912   -0.0929996  4.28824e-15      -37.099     -17.3195      10.9059      1.07719      1.32913    0.0172916
    0.806358      1.05805    -0.911202     -1.73644      0.11897      2.59198      1.05554 -0.000101136 -0.000419303  0.000229026  0.000161657 -0.000176171  0.000208594 -0.000222195     0.676965   0.00369251     0.169039      2.30016     -1.11349     0.627938  9.20751e-05   0.00015258  0.000157764  0.000328398 -0.000207334  0.000532619    -0.386434     -37.0496     -17.4261      10.9833      0.90843       1.2563   -0.0673648  2.85882e-15     -37.0989     -17.3196      10.9059      1.07719      1.32912    0.0172918
    0.806359      1.05805    -0.911198     -1.73644      0.11897      2.59198      1.05554   6.0822e-06  0.000718421  0.000818044  0.000710858 -1.36154e-05 -0.000135798  0.000584546     0.676964   0.00369519     0.169036      2.30017     -1.11348     0.627935  4.02846e-05  0.000502485 -0.000505113  0.000185183  0.000261243   0.00037089    -0.410238     -37.1012     -17.4737      10.9594     0.902021      1.26271   -0.0801822   -6.245e-16      -37.099     -17.3195      10.9059      1.07719      1.32912    0.0172919
     0.80636      1.05805    -0.911199     -1.73644      0.11897      2.59197      1.05554 -0.000173561 -0.000749265  0.000325652 -0.000585277 -0.000198668 -0.000339189  -0.00103803     0.676963   0.00369429     0.169037      2.30017     -1.11348     0.627931 -0.000159788 -0.000108744  2.98317e-05  0.000282116   0.00108262  0.000283098    -0.410238     -37.0496     -17.4261      11.0071      0.90843      1.27552   -0.0545474    2.498e-16     -37.0989     -17.3195      10.9059      1.07719      1.32912     0.017292
     0.80636      1.05805    -0.911199     -1.73644     0.118971      2.59198      1.05554  0.000193542  0.000259382 -8.28689e-05 -0.000172132   0.00033356  4.02801e-05   0.00128842     0.676964    0.0036954     0.169037      2.30017     -1.11349     0.627936 -7.05393e-05  4.41793e-06 -0.000126093   0.00019637 -0.000718896  -0.00112969    -0.410238     -37.1012     -17.4261      10.9833     0.896528      1.26271   -0.0994083 -5.96745e-16     -37.0989     -17.3195      10.9059      1.07719      1.32912    0.0172917
    0.806362      1.05805    -0.911202     -1.73644      0.11897      2.59198      1.05554  0.000438035  3.16555e-05 -0.000314945 -8.00159e-05 -5.96378e-05 -3.64193e-05  -0.00116854     0.676964   0.00369487     0.169038      2.30017     -1.11348     0.627937 -2.19694e-07  0.000128147  9.35134e-05 -0.000484767  0.000653286   0.00113667    -0.410238     -37.1012     -17.4261      10.9833      0.90843      1.26271   -0.0481387  1.60982e-15     -37.0989     -17.3196      10.9059      1.07719      1.32912     0.017292
     0.80636      1.05805    -0.911202     -1.73644      0.11897      2.59198      1.05554  0.000224686 -0.000658042  -0.00100999  0.000294204 -5.68368e-05  0.000349697 -0.000802646     0.676965   0.00369382     0.169039      2.30017     -1.11348     0.627938  0.000301648 -7.90563e-05  0.000842854 -0.000238294  -0.00104701  0.000803904    -0.410238     -37.0496     -17.3983      10.9833     0.902021       1.2563   -0.0609561 -4.71845e-16     -37.0989     -17.3196      10.9059      1.07719      1.32912    0.0172918
    0.806358      1.05805      -0.9112     -1.73644      0.11897      2.59197      1.05554 -0.000443267  0.000842614  0.000122101  0.000605889  0.000108833 -0.000474828  0.000451103     0.676964   0.00369279     0.169037      2.30016     -1.11349     0.627933  3.86121e-05  -0.00017872 -0.000321531 -0.000314644  0.000272751 -0.000680204    -0.386434     -37.1012     -17.4499      10.9833     0.902021      1.27552   -0.0865909    2.498e-16     -37.0989     -17.3196      10.9059      1.07719      1.32912    0.0172919
    0.806361      1.05805    -0.911204     -1.73644     0.118972      2.59198      1.05554  0.000148963  -0.00116617 -0.000657171 -0.000374195  0.000269134  0.000207189 -0.000913021     0.676964   0.00369366      0.16904      2.30017     -1.11349      0.62794   0.00010388 -0.000159709   0.00074677  0.000410124 -0.000669014  0.000236755    -0.434042     -37.0258     -17.3983      11.0071     0.896528      1.26271   -0.0545474  1.48492e-15     -37.0988     -17.3196      10.9059      1.07719      1.32913    0.0172916
    0.806363      1.05804    -0.911197     -1.73644     0.118973      2.59198      1.05554   0.00133727  -0.00118984  0.000476711  0.000444536 -0.000154787  4.89713e-05  0.000476708     0.676965   0.00369858     0.169039      2.30018     -1.11349     0.627939  0.000221541   0.00140793  0.000479757   0.00121218  -0.00110129   0.00163728    -0.461813     -37.0258     -17.4499      10.9833      0.90843       1.2563   -0.0801822  2.13718e-15     -37.0989     -17.3195       10.906      1.07719      1.32913    0.0172914
    0.806358      1.05805    -0.911202     -1.73644     0.118973      2.59198      1.05554 -0.000594173 -8.99655e-06  -0.00096758 -0.000346631  0.000206001  0.000426608 -0.000103983     0.676964   0.00369218     0.169038      2.30017     -1.11349      0.62794  3.57284e-05 -0.000907047  0.000356434 -0.000481764 -0.000721992  -0.00108139    -0.386434     -37.0774     -17.3983      11.0071     0.902021      1.24989   -0.0737735 -9.85323e-16     -37.0989     -17.3196      10.9059      1.07719      1.32913    0.0172916
    0.806358      1.05805    -0.911199     -1.73644      0.11897      2.59198      1.05554 -0.000769673  0.000571228 -0.000349809 -0.000725929  0.000116709  0.000272021  0.000886988     0.676964   0.00369377     0.169037      2.30017     -1.11349     0.627936 -0.000225377 -0.000966781 -0.000293233 -0.000484716 -0.000118373  -0.00201836    -0.386434     -37.1012     -17.4261      10.9833     0.902021       1.2563   -0.0929996  5.55112e-17     -37.0989     -17.3195      10.9059      1.07719      1.32912    0.0172918
    0.806361      1.05805    -0.911199     -1.73644      0.11897      2.59198      1.05554  0.000752973  -0.00120219 -7.96459e-05  0.000246332 -0.000156622 -9.96541e-05 -0.000224461     0.676964    0.0036962     0.169038      2.30017     -1.11348     0.627936  0.000209058   0.00069601  0.000656673  0.000707887  -0.00077377   0.00108719    -0.434042     -37.0496     -17.4261      10.9833      0.90843      1.26271   -0.0609561  1.09635e-15     -37.0989     -17.3195      10.9059      1.07719      1.32912    0.0172918
     0.80636      1.05805    -0.911201     -1.73645     0.118971      2.59198      1.05554  1.16998e-05  0.000496341 -0.000204553 -0.000940865  0.000320786  0.000151941   0.00113275     0.676963   0.00369281     0.169037      2.30016     -1.11349     0.627937 -0.000311743 -0.000450979 -0.000383793 -0.000209276 -7.44817e-05  -0.00170247    -0.410238     -37.1012     -17.4261      11.0348     0.896528      1.26271   -0.0994083  6.52256e-16     -37.0988     -17.3196      10.9058      1.07719      1.32912    0.0172918
    0.806362      1.05805      -0.9112     -1.73644      0.11897      2.59198      1.05554  5.27921e-05 -0.000579502  0.000640112  6.70348e-05  3.33716e-06  0.000150853  0.000297702     0.676964   0.00369526     0.169038      2.30017     -1.11348     0.627937   3.2484e-05  0.000413986  3.15353e-05  0.000886119 -0.000346023  0.000278943    -0.410238     -37.0774     -17.4499      11.0071      0.90843       1.2563   -0.0801822  1.92901e-15     -37.0989     -17.3195      10.9059      1.07719      1.32912    0.0172918
    0.806358      1.05805    -0.911201     -1.73644      0.11897      2.59198      1.05554 -0.000863143  0.000235306  -0.00060335 -0.000299245 -0.000103106  0.000291238    0.0008479     0.676964   0.00369239     0.169039      2.30016     -1.11349     0.627938 -2.70797e-05 -0.000950484  8.55817e-05 -0.000473371 -0.000707017  -0.00176666    -0.386434     -37.0774     -17.4261      11.0071      0.90843       1.2563   -0.0929996  1.06859e-15     -37.0989     -17.3196      10.9059      1.07719      1.32912    0.0172917
     0.80636      1.05805    -0.911199     -1.73644      0.11897      2.59198      1.05554  0.000467967  0.000616556 -0.000700035  -0.00029212  0.000141762   0.00017922 -0.000186731     0.676964   0.00369525     0.169037      2.30017     -1.11348     0.627938 -7.24253e-05 -0.000145613 -5.68231e-05 -0.000842084  0.000108935  9.44327e-05    -0.410238     -37.1012     -17.4261      11.0071     0.902021       1.2563   -0.0737735  3.88578e-15     -37.0989     -17.3195      10.9059      1.07719      1.32912    0.0172917
    0.806362      1.05805    -0.911195     -1.73644     0.118971      2.59198      1.05554   0.00036119  0.000433645     0.000406 -0.000721173 -6.41023e-06 -0.000321076 -0.000437474     0.676963   0.00369696     0.169035      2.30017     -1.11348      0.62793  -0.00034452  0.000100412 -0.000594284 -0.000306291   0.00158132  0.000198338    -0.410238     -37.0774     -17.4737      11.0071     0.902021      1.26912   -0.0545474  2.90046e-15     -37.0989     -17.3195      10.9059      1.07718      1.32912     0.017292
    0.806359      1.05805    -0.911201     -1.73644      0.11897      2.59198      1.05554 -7.13048e-05 -0.000223233  0.000191782  0.000111626  0.000165789 -0.000176542  0.000848235     0.676964   0.00369352     0.169038      2.30016     -1.11349     0.627937  2.46159e-05  8.31217e-05  4.23418e-05  0.000547755 -0.000570739 -0.000763314    -0.410238     -37.0774     -17.4261      10.9833     0.902021      1.26912   -0.0865909  5.07927e-15     -37.0989     -17.3196      10.9059      1.07719      1.32912    0.0172918
    0.806359      1.05805    -0.911201     -1.73645      0.11897      2.59198      1.05554 -0.000241834   0.00020592 -5.29504e-05  -0.00113795 -7.82602e-05  0.000392561 -0.000313382     0.676963   0.00369274     0.169037      2.30016     -1.11349     0.627934 -0.000334032    -0.000566 -0.000350363 -0.000454396  0.000836102 -0.000513829    -0.410238     -37.1012     -17.4261      11.0348     0.902021       1.2563   -0.0737735  9.85323e-16     -37.0988     -17.3196      10.9059      1.07719      1.32912    0.0172919
     0.80636      1.05805    -0.911195     -1.73644     0.118972      2.59198      1.05554 -0.000640583 -0.000269729   0.00085935 -0.000485333  0.000797194 -1.66232e-05  -0.00133989     0.676963    0.0036962     0.169036      2.30017     -1.11348      0.62793 -0.000207367 -0.000208583  -0.00035849  0.000913334   0.00119123 -2.16868e-05    -0.386434     -37.0774     -17.4737      11.0071     0.884626      1.26271   -0.0481387  1.98452e-15     -37.0989     -17.3195      10.9059      1.07718      1.32913    0.0172918
    0.806358      1.05805    -0.911199     -1.73644     0.118971      2.59198      1.05554 -0.000304692   0.00145813  6.34974e-06   0.00124216  2.36837e-05 -0.000346022  0.000678506     0.676964    0.0036938     0.169037      2.30017     -1.11349     0.627935  0.000188337  1.85226e-05 -0.000383192 -0.000721887 -2.41157e-05 -0.000200722    -0.386434      -37.125     -17.4499      10.9594     0.896528      1.26912   -0.0865909  3.31679e-15      -37.099     -17.3196      10.9059      1.07719      1.32912    0.0172918
    0.806358      1.05805    -0.911197     -1.73645     0.118971      2.59198      1.05554 -0.000369391 -0.000246693  0.000727292 -0.000379776 -9.77571e-05  0.000189345  0.000650162     0.676963   0.00369323     0.169036      2.30017     -1.11349     0.627934 -0.000147745 -2.05629e-05 -0.000280225  0.000621386  5.05206e-05 -0.000592234    -0.386434     -37.0774     -17.4499      11.0348      0.90843      1.26271   -0.0865909  1.45717e-15     -37.0989     -17.3195      10.9059      1.07719      1.32912    0.0172918
    0.806359      1.05805    -0.911198     -1.73644      0.11897      2.59198      1.05554 -9.34887e-05  0.000706086  0.000515109  0.000139399 -0.000101637 -4.51216e-05  -0.00121363     0.676963   0.00369457     0.169036      2.30017     -1.11348      0.62793 -9.49151e-05  0.000120507  -0.00051824 -0.000469871   0.00154015   0.00121796    -0.410238     -37.1012     -17.4499      11.0071      0.90843      1.26912   -0.0481387  1.83187e-15     -37.0989     -17.3195      10.9059      1.07719      1.32912    0.0172921
    0.806362      1.05805      -0.9112     -1.73644     0.118971      2.59198      1.05554   0.00018882 -0.000665319 -0.000717486   0.00045456  0.000271891 -0.000443218 -0.000801148     0.676964   0.00369608     0.169039      2.30017     -1.11348     0.627937  0.000251799  1.44938e-05  0.000708498  0.000122339 -0.000515472   0.00031618    -0.410238     -37.0496     -17.3983      10.9833     0.896528      1.26912   -0.0673648  4.42701e-15     -37.0989     -17.3195      10.9059      1.07719      1.32912    0.0172917
    0.806356      1.05805    -0.911199     -1.73644     0.118973      2.59198      1.05554  -0.00134734  0.000158479  0.000124755  0.000275638  0.000435751 -0.000159329    0.0012081     0.676965   0.00369276     0.169039      2.30017     -1.11349     0.627941  4.57149e-05 -0.000801935 -6.05723e-05    0.0005085 -0.000814819  -0.00238804    -0.358663     -37.0774     -17.4261      10.9833     0.891035      1.26271   -0.0994083   2.2482e-15     -37.0989     -17.3195      10.9059      1.07719      1.32913    0.0172913
    0.806361      1.05805    -0.911197     -1.73644      0.11897      2.59198      1.05554  0.000342195 -2.60216e-05  0.000236783  0.000201247  0.000121088 -2.92327e-05   0.00100633     0.676964   0.00369661     0.169036      2.30017     -1.11348     0.627935  3.66594e-05  0.000400978 -3.48663e-05  0.000460167 -0.000660064 -0.000266182    -0.434042     -37.0774     -17.4499      10.9833     0.902021      1.26271    -0.105817  2.17881e-15     -37.0989     -17.3195      10.9059      1.07719      1.32912    0.0172917
    0.806361      1.05805    -0.911197     -1.73644      0.11897      2.59198      1.05554  1.35062e-05   -0.0003771  0.000534723 -0.000442806 -0.000145987  9.45669e-05 -0.000258364     0.676964   0.00369619     0.169037      2.30017     -1.11348     0.627934  -0.00014211  0.000143451 -0.000161967  0.000380751  0.000536337  0.000317747    -0.434042     -37.0496     -17.4499      11.0071      0.90843       1.2563   -0.0673648  4.05231e-15     -37.0989     -17.3195      10.9059      1.07719      1.32912    0.0172919
    0.806359      1.05805    -0.911198     -1.73644      0.11897      2.59198      1.05554 -0.000731022  0.000700501  0.000783372  4.76543e-05  0.000106858 -0.000122195 -0.000896913     0.676964    0.0036948     0.169036      2.30017     -1.11348     0.627932 -0.000154915  -0.00023461 -0.000657192 -0.000129083   0.00154411  0.000230466    -0.410238     -37.1012     -17.4737      10.9833     0.902021      1.26912   -0.0481387 -1.80411e-16     -37.0989     -17.3195      10.9059      1.07719      1.32912    0.0172921
    0.806358      1.05805    -0.911199     -1.73644      0.11897      2.59198      1.05554 -0.000406403  0.000934897  -0.00013001  0.000698319 -0.000108088  9.91893e-05  0.000678639     0.676965   0.00369456     0.169036      2.30017     -1.11348     0.627937  0.000133508 -0.000196475 -0.000192043 -0.000570439 -0.000373819 -0.000380367    -0.386434      -37.125     -17.4261      10.9594      0.90843      1.26271   -0.0865909   -6.245e-16      -37.099     -17.3196      10.9059      1.07719      1.32912    0.0172919
    0.806362      1.05805    -0.911199     -1.73644      0.11897      2.59198      1.05554  0.000497317   -0.0010383 -9.93503e-06  0.000379555 -6.02921e-05 -0.000172389  0.000949037     0.676964     0.003697     0.169039      2.30017     -1.11349     0.627938  0.000218987  0.000571905  0.000581213  0.000928819  -0.00141858 -4.63688e-05    -0.410238     -37.0496     -17.4261      10.9833      0.90843      1.26912   -0.0929996  1.11022e-15     -37.0989     -17.3195       10.906      1.07719      1.32913    0.0172916
     0.80636      1.05805    -0.911197     -1.73644     0.118972      2.59198      1.05554  0.000380822  5.31222e-05  0.000374628   0.00239035 -0.000637502  0.000178741  -0.00133295     0.676964   0.00369541     0.169036      2.30017     -1.11348     0.627932  0.000706894   0.00124475  0.000462795 -5.23147e-05 -0.000452745   0.00373293    -0.410238     -37.1012     -17.4499      10.9833     0.913923       1.2563   -0.0481387 -2.02616e-15     -37.0989     -17.3195      10.9059      1.07719      1.32912    0.0172919
    0.806363      1.05805    -0.911199     -1.73644     0.118971      2.59198      1.05554   0.00101482  7.99748e-05 -0.000372321  -0.00010484  0.000239488  0.000400193  0.000918277     0.676964   0.00369668     0.169038      2.30017     -1.11349     0.627939  2.96797e-05  0.000507619  0.000125561  6.32976e-05  -0.00107991  0.000165829    -0.434042     -37.0774     -17.4261      11.0071     0.896528      1.24989   -0.0994083  2.91434e-15     -37.0989     -17.3195      10.9059      1.07719      1.32912    0.0172916
    0.806359      1.05805    -0.911196     -1.73644     0.118974      2.59198      1.05554  0.000863566  0.000284154  0.000578324  0.000417049  0.000291478 -2.37504e-05 -0.000411799     0.676964   0.00369565     0.169037      2.30017     -1.11349     0.627933  3.11679e-05  0.000935383 -0.000265356  0.000333233  0.000413537   0.00155772    -0.410238     -37.0774     -17.4737      11.0071     0.896528      1.26271   -0.0673648  5.41234e-16     -37.0989     -17.3195      10.9059      1.07719      1.32913    0.0172916
     0.80636      1.05805    -0.911204     -1.73644      0.11897      2.59198      1.05554 -0.000253609 -0.000398864 -0.000524958  0.000525254 -0.000375198  7.53192e-05 -0.000775124     0.676965   0.00369336     0.169041      2.30017     -1.11349     0.627941  0.000269692  -0.00016185   0.00055226 -0.000324188  -0.00039532  0.000720283    -0.386434     -37.0496     -17.3983      10.9833     0.913923      1.26271   -0.0609561  8.18789e-16     -37.0989     -17.3196      10.9059      1.07719      1.32912    0.0172916
    0.806358      1.05805      -0.9112     -1.73644      0.11897      2.59198      1.05554 -0.000290513  0.000155797  0.000211352 -0.000427561  1.58924e-05 -4.07594e-05   0.00087969     0.676964   0.00369284     0.169038      2.30016     -1.11349     0.627935 -0.000174532 -0.000272001 -0.000280443  0.000109584  2.43979e-05  -0.00119078    -0.386434     -37.0774     -17.4499      11.0071     0.902021      1.26271   -0.0994083  5.70377e-15     -37.0989     -17.3195      10.9059      1.07719      1.32912    0.0172917
    0.806359      1.05805    -0.911201     -1.73644     0.118971      2.59198      1.05554 -0.000464536  0.000359751 -0.000672903 -4.23366e-05   0.00023867  0.000219468 -6.41539e-05     0.676964   0.00369351     0.169039      2.30017     -1.11349     0.627938  3.82502e-05 -0.000648687  0.000123902 -0.000506086 -0.000375488  -0.00077991    -0.386434     -37.0774     -17.4261      10.9833     0.896528       1.2563   -0.0801822  1.94289e-15     -37.0989     -17.3195      10.9059      1.07719      1.32913    0.0172916
    0.806358      1.05805      -0.9112     -1.73645     0.118969      2.59198      1.05554 -0.000597259  -0.00115017  0.000582569  -0.00137863 -0.000297014 -8.54259e-06  0.000460907     0.676963   0.00369207     0.169038      2.30016     -1.11349     0.627933   -0.0003558 -0.000480114 -7.84876e-05  0.000827229  0.000390987  -0.00143888    -0.386434     -37.0258     -17.4499      11.0348     0.913923      1.26271   -0.0801822  4.01068e-15     -37.0988     -17.3195      10.9059      1.07719      1.32912    0.0172919
    0.806359      1.05805    -0.911204     -1.73644     0.118971      2.59198      1.05554 -0.000324167   0.00107348  -0.00110867   0.00109147  0.000138835  0.000198766   0.00115951     0.676965   0.00369328      0.16904      2.30016     -1.11349     0.627943  0.000350929 -0.000442165  0.000273179 -0.000930144  -0.00164859 -0.000962507    -0.410238     -37.1012     -17.3983      10.9594     0.896528       1.2563   -0.0994083  5.71765e-15     -37.0989     -17.3196      10.9059      1.07719      1.32912    0.0172916
    0.806358      1.05805    -0.911201     -1.73644     0.118973      2.59198      1.05554 -0.000608007  -1.3464e-05 -0.000238965 -0.000638678 -9.47335e-05  -0.00046043  -0.00116876     0.676964   0.00369252     0.169038      2.30017     -1.11349     0.627937 -0.000209508 -0.000761827 -0.000100094 -0.000563919   0.00140316 -0.000505307    -0.386434     -37.1012     -17.4261      11.0071      0.90843      1.26912   -0.0545474 -1.52656e-15     -37.0989     -17.3196      10.9059      1.07719      1.32913    0.0172917
    0.806361      1.05805    -0.911199     -1.73645      0.11897      2.59198      1.05554  0.000611135  2.60187e-05  1.06115e-06 -0.000810437  4.52205e-05  3.33419e-05  0.000311417     0.676963   0.00369485     0.169036      2.30017     -1.11348     0.627932 -0.000252806  0.000138531 -0.000226774 -6.87205e-05  0.000352444 -0.000191238    -0.434042     -37.1012     -17.4261      11.0348     0.902021      1.26271   -0.0801822  2.23432e-15     -37.0989     -17.3195      10.9059      1.07719      1.32912     0.017292
    0.806361      1.05805    -0.911201     -1.73644      0.11897      2.59198      1.05554   0.00107013 -0.000470051 -0.000613188   0.00103296 -0.000264078  -0.00014594  0.000265925     0.676965   0.00369525     0.169038      2.30017     -1.11348     0.627938  0.000419663  0.000858583  0.000743594  8.91531e-06  -0.00137678   0.00134443    -0.434042     -37.0774     -17.3983      10.9594     0.913923      1.26912   -0.0801822  1.17961e-15     -37.0989     -17.3196      10.9059      1.07719      1.32912    0.0172918
    0.806361      1.05805    -0.911201     -1.73644      0.11897      2.59198      1.05554  0.000486571   0.00153627 -5.66503e-05 -0.000438812 -1.73621e-05  0.000222443   0.00019119     0.676963   0.00369421     0.169036      2.30016     -1.11348     0.627936 -0.000286163 -8.70512e-06  -0.00080064  -0.00117644   0.00105585  0.000162334    -0.434042      -37.125     -17.4261      11.0071      0.90843      1.26271   -0.0865909 -4.16334e-17     -37.0989     -17.3196      10.9058      1.07719      1.32912     0.017292
     0.80636      1.05805    -0.911198     -1.73644      0.11897      2.59198      1.05554  3.43223e-05  0.000948183  0.000245301  0.000210894  3.85257e-05 -0.000124813   0.00033945     0.676963   0.00369524     0.169035      2.30017     -1.11348     0.627932 -7.92745e-05  7.83561e-05 -0.000503293 -0.000422372  0.000532133 -6.30455e-05    -0.410238      -37.125     -17.4499      10.9833     0.902021      1.26912   -0.0737735  1.27676e-15     -37.0989     -17.3196      10.9058      1.07719      1.32912    0.0172921
     0.80636      1.05805    -0.911201     -1.73644      0.11897      2.59198      1.05554 -0.000115333 -0.000214282 -0.000741312 -0.000877163  0.000123557 -1.58906e-06  0.000601268     0.676964   0.00369362     0.169038      2.30017     -1.11349     0.627939 -0.000168538 -0.000671095  0.000181283 -0.000251971 -0.000419183  -0.00161973    -0.410238     -37.0774     -17.4261      11.0071     0.902021      1.26271   -0.0929996  1.38778e-15     -37.0989     -17.3196      10.9059      1.07719      1.32912    0.0172917
    0.806358      1.05805    -0.911199     -1.73644      0.11897      2.59198      1.05554 -0.000293405 -0.000189009  0.000521184  -0.00131256 -0.000240455  5.48413e-05  -0.00058774     0.676963   0.00369243     0.169036      2.30016     -1.11348     0.627931 -0.000433424   -0.0003884 -0.000482136 -4.16878e-05   0.00154408 -0.000310303    -0.386434     -37.0774     -17.4499      11.0348      0.90843      1.26271   -0.0673648  1.55431e-15     -37.0989     -17.3196      10.9059      1.07719      1.32912     0.017292
    0.806358      1.05805    -0.911199     -1.73644     0.118971      2.59198      1.05554 -0.000492818 -0.000374863   -0.0003777 -0.000417582  4.07037e-05  9.21901e-05  0.000278044     0.676964   0.00369307     0.169037      2.30017     -1.11349     0.627934 -3.68493e-05 -0.000587197  0.000232288  5.64914e-05 -0.000462386  -0.00114469    -0.386434     -37.0774     -17.4261      11.0071     0.902021       1.2563   -0.0801822  -1.6237e-15     -37.0989     -17.3195      10.9059      1.07719      1.32912    0.0172918
    0.806358      1.05805    -0.911199     -1.73644      0.11897      2.59198      1.05554 -0.000298706  0.000767005 -0.000365396  -0.00017375 -1.34239e-05  -0.00011008 -0.000238286     0.676963   0.00369294     0.169036      2.30016     -1.11348     0.627931 -0.000111076 -0.000517219 -0.000261835 -0.000866596  0.000660208    -0.000477    -0.386434      -37.125     -17.4261      11.0071     0.902021      1.26912   -0.0737735   2.3731e-15     -37.0989     -17.3195      10.9059      1.07719      1.32912     0.017292
    0.806358      1.05805    -0.911199     -1.73644      0.11897      2.59198      1.05554 -0.000749053  8.16614e-05 -0.000495453  0.000302084 -0.000165248 -4.59729e-05 -0.000441286     0.676964   0.00369383     0.169037      2.30017     -1.11348     0.627937   0.00013452 -0.000628986  0.000246776 -0.000500842 -8.98436e-05 -0.000374903    -0.358663     -37.0774     -17.4261      10.9833      0.90843      1.26271   -0.0673648  4.10783e-15     -37.0989     -17.3195      10.9059      1.07719      1.32912    0.0172918
    0.806362      1.05805    -0.911197     -1.73644     0.118971      2.59198      1.05554  0.000269938  0.000218025  0.000807578   0.00107459  2.86447e-05  0.000292058  0.000771256     0.676965   0.00369838     0.169038      2.30017     -1.11349     0.627944  0.000247588  0.000889933  -0.00013405  0.000703119 -0.000808644  0.000983816    -0.410238     -37.0774     -17.4499      10.9594     0.902021       1.2563   -0.0994083  3.02536e-15      -37.099     -17.3195      10.9059      1.07719      1.32913    0.0172913
     0.80636      1.05805    -0.911201     -1.73644     0.118971      2.59198      1.05554  0.000189238  0.000557538 -0.000893407  0.000207153 -2.51478e-05  3.84925e-05 -0.000483194     0.676964   0.00369381     0.169037      2.30017     -1.11348     0.627936  9.71807e-05 -0.000249581  0.000173844  -0.00100758 -4.29719e-05  0.000303563    -0.410238     -37.1012     -17.3983      10.9833     0.902021       1.2563   -0.0673648  3.19189e-16     -37.0989     -17.3196      10.9059      1.07719      1.32912    0.0172919
    0.806364      1.05805    -0.911201     -1.73644      0.11897      2.59198      1.05554   0.00140451  0.000467644 -0.000441813 -0.000185293   0.00010172 -0.000445386  0.000812712     0.676964   0.00369702     0.169039      2.30017     -1.11348     0.627939 -0.000108451  0.000607926 -0.000115837 -0.000457416 -2.67031e-05  9.21568e-05    -0.461813     -37.0774     -17.3983      10.9833     0.902021      1.26912   -0.0865909  1.83187e-15     -37.0989     -17.3195      10.9059      1.07719      1.32912    0.0172917
    0.806358      1.05805    -0.911203     -1.73644     0.118971      2.59198      1.05554 -0.000489494  0.000206316 -0.000458706  0.000572114  0.000283323   0.00028132   0.00122438     0.676965   0.00369233      0.16904      2.30016     -1.11349     0.627946  0.000228759 -0.000343182  0.000275431  0.000113075  -0.00163959  -0.00125153    -0.386434     -37.0774     -17.3983      10.9833     0.896528       1.2563   -0.0994083  3.42781e-15     -37.0989     -17.3196      10.9059       1.0772      1.32912    0.0172914
     0.80636      1.05805    -0.911199     -1.73644     0.118973      2.59198      1.05554 -0.000340431 -4.64041e-05 -0.000257124  0.000116146  4.36195e-05  4.69888e-05   -0.0015974     0.676964   0.00369497     0.169037      2.30017     -1.11348     0.627934  7.36419e-05 -0.000293636  0.000166035 -0.000362076  0.000653427  0.000840565    -0.386434     -37.0774     -17.4261      10.9833     0.902021      1.26271   -0.0481387 -4.85723e-16     -37.0989     -17.3195      10.9059      1.07719      1.32913    0.0172918
    0.806363      1.05805    -0.911198     -1.73644      0.11897      2.59198      1.05554  0.000426493 -0.000269409   0.00120596  0.000846808 -0.000345427 -5.30048e-05  0.000379956     0.676965   0.00369853     0.169039      2.30017     -1.11348      0.62794  0.000158927   0.00112819 -0.000165188  0.000903566 -6.92247e-05   0.00148627    -0.434042     -37.0496     -17.4737      10.9594      0.90843      1.26271   -0.0865909 -1.45717e-15     -37.0989     -17.3195       10.906      1.07719      1.32913    0.0172915
    0.806359      1.05805    -0.911196     -1.73644     0.118971      2.59198      1.05554 -0.000319992 -0.000196914  0.000740443 -0.000361841  0.000263317 -0.000225351  0.000161536     0.676963   0.00369521     0.169036      2.30017     -1.11348      0.62793 -0.000185541 -1.71979e-05  -0.00033188  0.000711872  0.000544296 -0.000633151    -0.410238     -37.0774     -17.4737      11.0071     0.896528      1.26912   -0.0801822  1.94289e-16     -37.0989     -17.3195      10.9059      1.07719      1.32912    0.0172919
    0.806358      1.05805    -0.911195     -1.73644     0.118971      2.59198      1.05554 -0.000458399  0.000903742  0.000817822 -0.000649085  0.000541743 -0.000262901 -0.000814925     0.676963    0.0036942     0.169034      2.30017     -1.11348     0.627927 -0.000409711 -0.000311903  -0.00095976 -8.27112e-05   0.00206759 -0.000376428    -0.386434     -37.1012     -17.4737      11.0071     0.891035      1.26912   -0.0545474  2.16493e-15     -37.0989     -17.3195      10.9059      1.07718      1.32912    0.0172921
    0.806362      1.05805    -0.911197     -1.73644      0.11897      2.59198      1.05554 -0.000187217  0.000431945 -0.000111704  0.000108246  0.000103683 -7.83125e-05  0.000515286     0.676964   0.00369691     0.169036      2.30017     -1.11348     0.627934 -9.90854e-06  -0.00019666 -0.000131968 -0.000202998 -0.000149327 -0.000675088    -0.410238     -37.1012     -17.4499      10.9833     0.902021      1.26912   -0.0801822  4.45477e-15     -37.0989     -17.3195      10.9059      1.07719      1.32912    0.0172919
    0.806359      1.05805    -0.911201     -1.73644      0.11897      2.59198      1.05555  0.000185073  0.000114083 -0.000192916  6.36037e-05 -4.36245e-06  0.000181626  0.000859125     0.676964   0.00369367     0.169039      2.30016     -1.11349      0.62794  4.23531e-05  6.36526e-05  5.88869e-05 -1.66704e-05 -0.000753515  -0.00040562    -0.410238     -37.0774     -17.4261      10.9833      0.90843       1.2563   -0.0929996  3.26128e-15     -37.0989     -17.3196      10.9059      1.07719      1.32912    0.0172916
    0.806356      1.05805    -0.911197     -1.73644      0.11897      2.59198      1.05554  -0.00107846  0.000148232  0.000680611 -0.000328011 -5.75975e-05 -0.000184936  -0.00124157     0.676963   0.00369238     0.169036      2.30017     -1.11348     0.627929 -0.000202128 -0.000578142  -0.00046092 -3.65866e-05   0.00169259 -0.000102068    -0.358663     -37.0774     -17.4499      11.0071      0.90843      1.26912   -0.0481387  1.66533e-16     -37.0989     -17.3195      10.9059      1.07719      1.32912    0.0172921
    0.806359      1.05805    -0.911199     -1.73644      0.11897      2.59198      1.05554  0.000100856  0.000955414 -0.000300705 -0.000158449 -0.000181969  1.38927e-05 -0.000390213     0.676963   0.00369385     0.169036      2.30017     -1.11348     0.627934 -0.000125292 -0.000224338 -0.000366452  -0.00109073  0.000891442  0.000262569    -0.410238     -37.1012     -17.4261      11.0071      0.90843      1.26271   -0.0673648  1.70697e-15     -37.0989     -17.3196      10.9059      1.07719      1.32912     0.017292
    0.806358      1.05805    -0.911203     -1.73644      0.11897      2.59198      1.05554 -7.09395e-05    0.0008723 -0.000618543 -2.89999e-05 -0.000175666 -0.000209889  0.000596875     0.676964   0.00369135     0.169037      2.30016     -1.11349     0.627936 -6.16688e-05 -0.000440581  -0.00017508  -0.00103352  0.000103736 -0.000878521    -0.386434      -37.125     -17.3983      10.9833      0.90843      1.26912   -0.0865909  1.27676e-15     -37.0989     -17.3196      10.9058      1.07719      1.32912     0.017292
    0.806362      1.05805    -0.911205     -1.73644     0.118971      2.59198      1.05554  0.000426207 -6.33466e-05  -0.00158756 -0.000427553  0.000219416  0.000375232 -0.000442974     0.676964    0.0036932     0.169041      2.30016     -1.11349     0.627941  7.36437e-05 -0.000508444  0.000619172  -0.00088841 -0.000850212  -0.00020205    -0.410238     -37.0774     -17.3745      11.0071     0.896528       1.2563   -0.0673648 -2.35922e-16     -37.0988     -17.3196      10.9059      1.07719      1.32912    0.0172917
    0.806358      1.05805    -0.911201     -1.73644     0.118971      2.59198      1.05554 -0.000493578  0.000306077 -0.000362463 -0.000318084  0.000360339  0.000426031   0.00120537     0.676964   0.00369204     0.169039      2.30016     -1.11349     0.627937  -5.4867e-05 -0.000608078  -3.8844e-05  4.78379e-06  -0.00101557  -0.00176148    -0.386434     -37.0774     -17.4261      11.0071     0.896528       1.2563   -0.0994083  5.41234e-16     -37.0989     -17.3196      10.9059      1.07719      1.32912    0.0172917
    0.806359      1.05804    -0.911197     -1.73644     0.118969      2.59198      1.05554    3.113e-05  -0.00060695  0.000103702  0.000359723 -0.000252343 -0.000166251   0.00118813     0.676964    0.0036962     0.169039      2.30017     -1.11349     0.627938  0.000153929  0.000250798  0.000322639  0.000598739  -0.00110412 -0.000533034    -0.410238     -37.0258     -17.4499      10.9833     0.913923      1.26271    -0.105817  2.77556e-17     -37.0989     -17.3195       10.906      1.07719      1.32913    0.0172914
     0.80636      1.05805    -0.911201     -1.73644      0.11897      2.59198      1.05554 -0.000325858  0.000172542  0.000288682 -0.000966903  0.000133375  0.000110448 -0.000811979     0.676964   0.00369376     0.169039      2.30017     -1.11348     0.627936 -0.000337542 -0.000437725 -0.000452575 -0.000169321   0.00133983 -0.000238727    -0.386434     -37.0774     -17.4261      11.0071     0.902021      1.26271   -0.0609561  2.40086e-15     -37.0989     -17.3196      10.9059      1.07719      1.32912    0.0172918
    0.806359      1.05804    -0.911198     -1.73644      0.11897      2.59198      1.05554 -9.06027e-05  -0.00117219  0.000248546 -0.000300563 -0.000205231  0.000711713  -0.00151483     0.676964   0.00369544     0.169039      2.30017     -1.11348     0.627935  7.70637e-05   0.00013833  0.000418676   0.00058961  3.22935e-05   0.00156273    -0.410238     -37.0258     -17.4499      11.0071      0.90843      1.24989     -0.04173  2.22045e-15     -37.0989     -17.3195       10.906      1.07719      1.32913    0.0172917
    0.806358      1.05805    -0.911199     -1.73644     0.118969      2.59198      1.05554 -0.000398673 -0.000124139  0.000151116  9.36861e-05 -0.000424519  7.87154e-05  0.000492995     0.676964   0.00369417     0.169038      2.30017     -1.11349     0.627939   3.4927e-05  -0.00014631  2.04638e-05  1.08766e-05 -0.000238554 -0.000329649    -0.386434     -37.0496     -17.4261      10.9833     0.913923      1.26271   -0.0865909  3.33067e-16     -37.0989     -17.3195      10.9059      1.07719      1.32913    0.0172916
    0.806362      1.05805    -0.911198     -1.73644      0.11897      2.59198      1.05554   0.00042256  6.45102e-05  0.000334356 -0.000508567    6.322e-05  0.000116312  0.000544117     0.676963   0.00369612     0.169036      2.30017     -1.11348     0.627934 -0.000190764  0.000258022 -0.000298597  0.000219096  0.000161614 -0.000144805    -0.410238     -37.0774     -17.4499      11.0071     0.902021       1.2563   -0.0865909  2.91434e-16     -37.0989     -17.3195      10.9059      1.07719      1.32912    0.0172918
    0.806359      1.05805    -0.911198     -1.73644      0.11897      2.59198      1.05554   0.00027992 -0.000121288   0.00050111  4.18179e-05 -4.95966e-05 -0.000246677  0.000784051     0.676964   0.00369515     0.169037      2.30017     -1.11349     0.627934 -4.88597e-05  0.000416489 -0.000163429  0.000486733 -7.07877e-05 -0.000173041    -0.410238     -37.0774     -17.4499      10.9833     0.902021      1.26912   -0.0929996  1.81799e-15     -37.0989     -17.3195      10.9059      1.07719      1.32912    0.0172918
    0.806361      1.05805    -0.911202     -1.73644      0.11897      2.59198      1.05554   0.00104207  8.55548e-05  -0.00143021  0.000269527  3.25057e-05  9.22841e-06  0.000753168     0.676964   0.00369428     0.169039      2.30016     -1.11349     0.627939  0.000220707  0.000170363  0.000638786 -0.000716335  -0.00151491 -6.48106e-05    -0.434042     -37.0774     -17.3745      10.9833     0.902021      1.26271   -0.0929996   -1.249e-16     -37.0989     -17.3196      10.9059      1.07719      1.32912    0.0172918
    0.806359      1.05805    -0.911199     -1.73644      0.11897      2.59198      1.05555  0.000101416  0.000700116 -0.000268265  8.18418e-05 -0.000238007 -2.69065e-05   0.00124574     0.676964   0.00369344     0.169037      2.30016     -1.11349     0.627935 -2.91568e-05 -0.000100608 -0.000199316 -0.000585063 -0.000386191 -0.000800694    -0.386434     -37.1012     -17.4261      11.0071      0.90843      1.26271    -0.118634  3.95517e-15     -37.0989     -17.3195      10.9059      1.07719      1.32912    0.0172917
    0.806362      1.05805      -0.9112     -1.73644      0.11897      2.59198      1.05554  0.000604371 -0.000157649  0.000457533 -0.000561795 -4.82809e-05 -0.000237657 -0.000261496     0.676964   0.00369554     0.169038      2.30017     -1.11348     0.627935 -0.000227139  0.000417954 -0.000288883   0.00019095  0.000937966  0.000520293    -0.434042     -37.0496     -17.4499      11.0071     0.902021      1.26912   -0.0673648  1.92901e-15     -37.0989     -17.3195      10.9059      1.07719      1.32912    0.0172918
    0.806359      1.05805    -0.911199     -1.73644      0.11897      2.59198      1.05554 -0.000925097   -0.0014164 -0.000470046  0.000565514 -0.000209692   0.00011817 -0.000164028     0.676966   0.00369559      0.16904      2.30017     -1.11348     0.627941    0.0003984 -0.000457973   0.00102458  0.000677156  -0.00157359  -0.00043796    -0.358663     -37.0496     -17.4261      10.9594      0.90843       1.2563   -0.0737735 -2.16493e-15      -37.099     -17.3195       10.906      1.07719      1.32913    0.0172916
    0.806363      1.05805    -0.911201     -1.73644      0.11897      2.59198      1.05554   0.00123721  0.000309191 -0.000194774  0.000188522 -7.31863e-05 -0.000321436   -0.0010126     0.676965   0.00369697     0.169039      2.30017     -1.11348      0.62794  1.04601e-05  0.000758168 -3.82491e-05 -0.000571022  0.000860062     0.001887    -0.461813     -37.1012     -17.4261      10.9594     0.902021      1.26912   -0.0609561  2.02616e-15     -37.0989     -17.3196      10.9059      1.07719      1.32912    0.0172918
    0.806359      1.05805    -0.911197     -1.73644      0.11897      2.59198      1.05554   3.9975e-05  0.000778924  7.78023e-05  0.000771456  0.000154122  2.28973e-05    0.0013665     0.676965   0.00369618     0.169037      2.30017     -1.11349     0.627939  0.000144039  0.000229009 -0.000189626 -2.46114e-05 -0.000880244 -0.000516529    -0.410238     -37.1012     -17.4499      10.9594     0.902021      1.26271    -0.112226  2.77556e-15      -37.099     -17.3195      10.9059      1.07719      1.32913    0.0172916
     0.80636      1.05805    -0.911198     -1.73644     0.118971      2.59198      1.05554 -0.000208787  0.000347817   0.00107987 -0.000141504  8.16442e-05  0.000221947 -0.000369405     0.676964    0.0036953     0.169037      2.30017     -1.11348     0.627934 -0.000175966    0.0002502  -0.00064116  0.000381513   0.00104195  0.000598244    -0.410238     -37.1012     -17.4499      10.9833     0.902021      1.26271   -0.0673648  1.22125e-15     -37.0989     -17.3195      10.9059      1.07719      1.32912    0.0172918
     0.80636      1.05805    -0.911199     -1.73645      0.11897      2.59198      1.05554  0.000318704 -0.000507805 -0.000347644   -0.0018023 -0.000241731 -0.000129054  0.000404917     0.676963    0.0036932     0.169038      2.30017     -1.11349     0.627933 -0.000476007  -0.00049011 -0.000109297 -0.000254986  0.000651854  -0.00133843    -0.410238     -37.0496     -17.4261      11.0586      0.90843      1.26271   -0.0865909    6.245e-16     -37.0988     -17.3195      10.9059      1.07719      1.32912    0.0172918
    0.806359      1.05805    -0.911198     -1.73644      0.11897      2.59198      1.05554  1.90489e-05 -0.000957651  0.000639771 -0.000684636 -2.93507e-05 -0.000416409  0.000245623     0.676964    0.0036951     0.169038      2.30017     -1.11349     0.627934 -0.000207084  0.000139866 -3.55076e-05   0.00094734  0.000401873 -0.000574033    -0.410238     -37.0496     -17.4499      11.0071      0.90843      1.26912   -0.0801822  4.71845e-16     -37.0989     -17.3195      10.9059      1.07719      1.32913    0.0172917
     0.80636      1.05805    -0.911199     -1.73644     0.118971      2.59198      1.05554  0.000185793 -0.000221325 -4.16219e-05  0.000978355  0.000301657 -0.000129368 -0.000463295     0.676965   0.00369594     0.169039      2.30017     -1.11348     0.627939  0.000320256  0.000451257  0.000377843  0.000409974 -0.000613102  0.000928348    -0.410238     -37.0774     -17.4261      10.9594     0.896528      1.26912   -0.0673648  5.68989e-16      -37.099     -17.3195       10.906      1.07719      1.32913    0.0172916
    0.806359      1.05805    -0.911198     -1.73644      0.11897      2.59198      1.05554  0.000182006  0.000494257  0.000316245  0.000483065 -0.000182476 -0.000252808     0.001057     0.676964   0.00369515     0.169037      2.30017     -1.11349     0.627934  3.66752e-05  0.000348557 -0.000259031 -3.13921e-05 -0.000178006 -0.000190067    -0.410238     -37.1012     -17.4499      10.9833      0.90843      1.26912   -0.0994083 -2.51188e-15     -37.0989     -17.3195      10.9059      1.07719      1.32912    0.0172918
     0.80636      1.05805    -0.911197     -1.73644     0.118969      2.59198      1.05554  0.000313911  0.000694664   0.00031341  0.000233727 -0.000398728  6.96587e-05  0.000131842     0.676964   0.00369568     0.169037      2.30017     -1.11348     0.627934 -3.51294e-05  0.000355492 -0.000396961  -0.00050787  0.000549941  0.000814221    -0.410238     -37.1012     -17.4499      10.9833     0.913923      1.26271   -0.0737735  1.51268e-15     -37.0989     -17.3195      10.9059      1.07719      1.32912    0.0172919
     0.80636      1.05805      -0.9112     -1.73644      0.11897      2.59198      1.05554  4.00694e-05  0.000161144  -0.00121731  0.000793089  0.000153907  0.000307665  0.000274002     0.676965    0.0036953     0.169039      2.30017     -1.11348      0.62794  0.000381959 -0.000227639  0.000677686 -0.000532492   -0.0016829 -0.000118484    -0.410238     -37.0774     -17.3983      10.9594     0.902021       1.2563   -0.0801822  1.66533e-15     -37.0989     -17.3195      10.9059      1.07719      1.32913    0.0172916
    0.806359      1.05805    -0.911198     -1.73644      0.11897      2.59198      1.05554 -0.000154018 -0.000395458  9.93236e-06 -1.94579e-05 -0.000273892  0.000136357  0.000105023     0.676964   0.00369443     0.169037      2.30017     -1.11349     0.627934  5.00113e-05 -4.56822e-05  0.000184053  0.000136159 -0.000305368  1.02381e-05    -0.386434     -37.0496     -17.4499      11.0071     0.913923      1.26271   -0.0865909  3.38618e-15     -37.0989     -17.3195      10.9059      1.07719      1.32912    0.0172918
     0.80636      1.05805    -0.911199     -1.73644      0.11897      2.59198      1.05554  0.000673252 -0.000785517 -3.87534e-05  0.000455879 -0.000225639 -0.000138835 -0.000222224     0.676965   0.00369527     0.169039      2.30017     -1.11348     0.627937  0.000218964  0.000679413  0.000495316  0.000419144 -0.000548911   0.00118709    -0.410238     -37.0496     -17.4261      10.9594      0.90843      1.26912   -0.0609561 -1.11022e-16     -37.0989     -17.3195      10.9059      1.07719      1.32912    0.0172918
    0.806359      1.05805    -0.911197     -1.73644      0.11897      2.59198      1.05554  -0.00065272 -0.000413081  0.000413394  0.000116648 -0.000277442 -0.000139761  -0.00115883     0.676964   0.00369527     0.169038      2.30017     -1.11348     0.627933  2.91263e-05 -0.000181576  3.67044e-05  0.000156963  0.000831783  0.000597739    -0.386434     -37.0496     -17.4499      10.9833      0.90843      1.26271     -0.04173  1.51268e-15     -37.0989     -17.3195      10.9059      1.07719      1.32913    0.0172918
    0.806359      1.05805      -0.9112     -1.73644     0.118971      2.59198      1.05554  0.000282716 -0.000395812  8.71135e-05  0.000729587  0.000402315 -0.000161435  0.000128677     0.676965   0.00369519      0.16904      2.30017     -1.11349     0.627939  0.000246622  0.000504942  0.000337639  0.000743692 -0.000860973  0.000382047    -0.410238     -37.0496     -17.4499      10.9594     0.896528      1.26912   -0.0801822  2.02616e-15     -37.0989     -17.3195       10.906      1.07719      1.32913    0.0172915
